21 0.686032 0.703072 0.076825 0.054608
21 0.519365 0.585324 0.077460 0.051195
21 0.370159 0.588737 0.080000 0.055745
21 0.576190 0.461320 0.057778 0.037543
21 0.693968 0.384528 0.058413 0.036405
21 0.388571 0.428328 0.063492 0.032992
20 0.678095 0.579636 0.102857 0.060296
20 0.518730 0.523891 0.078730 0.058020
20 0.383492 0.528441 0.077460 0.042093
20 0.488254 0.464733 0.078730 0.042093
20 0.400317 0.385097 0.080635 0.044369
20 0.569206 0.423208 0.079365 0.034130
22 0.698730 0.769056 0.099683 0.052332
22 0.526349 0.774175 0.110476 0.064846
22 0.369524 0.650171 0.095238 0.053470
23 0.515873 0.706485 0.113651 0.056883
23 0.677778 0.646189 0.108571 0.054608
23 0.365079 0.713311 0.101587 0.052332
24 0.365397 0.774175 0.089524 0.055745
24 0.518095 0.647895 0.072381 0.044369
24 0.666667 0.518203 0.077460 0.048919
23 0.659048 0.462457 0.069841 0.039818
23 0.712063 0.425484 0.069206 0.029579
23 0.555238 0.386803 0.075556 0.036405
24 0.631429 0.385666 0.055238 0.034130
24 0.640317 0.420933 0.051429 0.029579
24 0.731429 0.461889 0.058413 0.036405
23 0.486032 0.425484 0.067937 0.034130
23 0.480000 0.386803 0.066032 0.027304
23 0.395238 0.469283 0.083175 0.042093
