20 0.177143 0.426621 0.076190 0.056883
20 0.183810 0.486348 0.070476 0.062571
20 0.200000 0.551195 0.066032 0.053470
20 0.565714 0.396473 0.066032 0.048919
20 0.581587 0.448805 0.066032 0.044369
20 0.712381 0.442548 0.087619 0.056883
20 0.841587 0.427759 0.099683 0.056883
21 0.645079 0.385666 0.057143 0.045506
21 0.584762 0.490899 0.058413 0.037543
21 0.720952 0.491468 0.067937 0.038680
21 0.854286 0.474972 0.069206 0.044369
21 0.246984 0.428896 0.053333 0.045506
21 0.264762 0.486348 0.046984 0.051195
21 0.273016 0.548350 0.052063 0.040956
22 0.875873 0.526166 0.100952 0.037543
22 0.725397 0.378840 0.074286 0.050057
22 0.746667 0.530717 0.097778 0.039818
22 0.606984 0.527873 0.074921 0.040956
22 0.346667 0.546075 0.068571 0.038680
22 0.322857 0.482366 0.060317 0.038680
22 0.306667 0.423777 0.059683 0.042093
23 0.811111 0.368032 0.085714 0.053470
23 0.910159 0.573948 0.125079 0.051195
23 0.765397 0.577929 0.097143 0.043231
23 0.619683 0.574516 0.099048 0.038680
23 0.410476 0.539249 0.057778 0.043231
23 0.389841 0.478953 0.063492 0.040956
23 0.372381 0.415245 0.065397 0.052332
24 0.777143 0.627418 0.090159 0.053470
24 0.923810 0.628555 0.109206 0.051195
24 0.891111 0.366325 0.067937 0.052332
24 0.637778 0.625142 0.081905 0.053470
24 0.464762 0.541524 0.052063 0.043231
24 0.452063 0.474972 0.046984 0.044369
24 0.442540 0.411832 0.050794 0.047782
