24 0.685714 0.514221 0.067302 0.045506
24 0.736825 0.452218 0.050159 0.037543
24 0.647619 0.408419 0.048254 0.036405
24 0.626032 0.363481 0.052063 0.037543
24 0.565079 0.647895 0.069841 0.058020
24 0.448254 0.784414 0.076190 0.058020
23 0.697143 0.635950 0.077460 0.050057
23 0.573016 0.713879 0.089524 0.062571
23 0.435873 0.722981 0.097143 0.053470
23 0.672063 0.452787 0.061587 0.045506
23 0.708889 0.405575 0.057778 0.039818
23 0.558730 0.356086 0.072381 0.047782
22 0.724444 0.752560 0.077460 0.053470
22 0.583810 0.774175 0.095873 0.053470
22 0.434286 0.658703 0.100317 0.056883
22 0.426667 0.457338 0.081270 0.043231
22 0.501270 0.399317 0.075556 0.045506
22 0.482222 0.349829 0.074286 0.032992
21 0.567302 0.588737 0.061587 0.053470
21 0.711111 0.695677 0.055873 0.044369
21 0.424127 0.590444 0.072381 0.050057
21 0.405397 0.400455 0.064127 0.045506
21 0.681905 0.364050 0.049524 0.036405
20 0.698730 0.577929 0.086984 0.063709
20 0.557143 0.520478 0.071746 0.064846
20 0.431429 0.524460 0.074286 0.054608
20 0.396190 0.345279 0.082540 0.055745
20 0.518095 0.453356 0.074921 0.058020
20 0.580952 0.404437 0.076190 0.046644
21 0.600952 0.452218 0.060317 0.039818
