20 0.611111 0.398180 0.059048 0.036405
20 0.613333 0.435154 0.054603 0.035267
20 0.719365 0.434016 0.072381 0.042093
20 0.839365 0.433447 0.074921 0.038680
20 0.185079 0.407850 0.078095 0.044369
20 0.178730 0.453925 0.086984 0.052332
20 0.151111 0.514790 0.104127 0.051195
21 0.606667 0.466439 0.060317 0.027304
21 0.718730 0.470421 0.066032 0.023891
21 0.851746 0.470990 0.062857 0.034130
21 0.672063 0.398749 0.038730 0.039818
21 0.263492 0.405575 0.059683 0.037543
21 0.267302 0.459044 0.062222 0.035267
21 0.245079 0.513083 0.062222 0.038680
22 0.611429 0.498294 0.058413 0.029579
22 0.726349 0.497725 0.060952 0.028441
22 0.866667 0.505688 0.073651 0.032992
22 0.728571 0.398749 0.052698 0.028441
22 0.331111 0.404437 0.067937 0.032992
22 0.341587 0.451081 0.064762 0.032992
22 0.325079 0.511945 0.074921 0.038680
23 0.784762 0.404437 0.050794 0.035267
23 0.733651 0.529579 0.080635 0.035267
23 0.876825 0.533561 0.086349 0.029579
23 0.616508 0.529010 0.073651 0.029579
23 0.407619 0.405006 0.053333 0.029579
23 0.416508 0.451081 0.050794 0.039818
23 0.405714 0.510239 0.057143 0.037543
24 0.887937 0.567122 0.080635 0.030717
24 0.745079 0.568828 0.078095 0.036405
24 0.628254 0.565415 0.060317 0.034130
24 0.841270 0.405006 0.054603 0.025028
24 0.478413 0.402162 0.056508 0.030717
24 0.481905 0.451081 0.062222 0.039818
24 0.471746 0.511377 0.053333 0.037543
