20 0.363810 0.323094 0.073651 0.047782
20 0.471429 0.498294 0.084444 0.075085
20 0.629206 0.559727 0.104127 0.068259
20 0.344444 0.510808 0.064127 0.054608
20 0.443492 0.424346 0.075556 0.050057
20 0.527937 0.364619 0.076825 0.051195
21 0.676508 0.294084 0.065397 0.053470
21 0.527302 0.421502 0.071746 0.058020
21 0.349841 0.382253 0.063492 0.047782
21 0.338413 0.572241 0.066032 0.052332
21 0.477778 0.572241 0.070476 0.054608
21 0.637460 0.692264 0.078730 0.062571
22 0.646984 0.759386 0.093968 0.060296
22 0.488571 0.768487 0.100952 0.060296
22 0.344444 0.636519 0.089524 0.048919
22 0.355238 0.438567 0.073016 0.048919
22 0.439048 0.369170 0.071746 0.042093
22 0.443810 0.320819 0.054603 0.038680
23 0.632063 0.627418 0.109841 0.062571
23 0.484444 0.698521 0.101587 0.063709
23 0.346032 0.697383 0.081270 0.050057
23 0.613016 0.412969 0.080635 0.052332
23 0.685397 0.349829 0.074286 0.039818
23 0.525714 0.307167 0.076190 0.043231
24 0.617778 0.481229 0.090159 0.056883
24 0.695873 0.399317 0.074921 0.054608
24 0.603492 0.357224 0.056508 0.040956
24 0.608254 0.300341 0.064762 0.050057
24 0.350476 0.759386 0.069841 0.064846
24 0.478730 0.630262 0.081270 0.056883
