24 0.618413 0.624573 0.080000 0.043231
24 0.758730 0.630262 0.081270 0.052332
24 0.895556 0.628555 0.094603 0.046644
24 0.935238 0.393629 0.069841 0.045506
24 0.448571 0.406143 0.066667 0.052332
24 0.447302 0.475540 0.060317 0.052332
24 0.452381 0.540956 0.055238 0.055745
23 0.897460 0.581911 0.114921 0.046644
23 0.758413 0.578498 0.088254 0.044369
23 0.611746 0.575085 0.098413 0.048919
23 0.858095 0.385666 0.083175 0.054608
23 0.363810 0.406143 0.085079 0.061433
23 0.368254 0.474972 0.082540 0.053470
23 0.383175 0.540387 0.067937 0.052332
22 0.755873 0.540387 0.085714 0.036405
22 0.880635 0.532992 0.088889 0.037543
22 0.612063 0.535267 0.073651 0.032992
22 0.773016 0.391923 0.080635 0.046644
22 0.273968 0.407850 0.080635 0.048919
22 0.283175 0.475540 0.069841 0.050057
22 0.304762 0.541524 0.076190 0.043231
21 0.597778 0.499431 0.061587 0.038680
21 0.688889 0.398749 0.068571 0.044369
21 0.737460 0.502844 0.073016 0.043231
21 0.872381 0.494881 0.072381 0.038680
21 0.192381 0.410125 0.066032 0.053470
21 0.200635 0.478953 0.068571 0.052332
21 0.210476 0.539818 0.067937 0.044369
20 0.871429 0.445392 0.090794 0.055745
20 0.740952 0.454494 0.080000 0.055745
20 0.603492 0.453925 0.067937 0.047782
20 0.599683 0.396473 0.081905 0.058020
20 0.083175 0.403868 0.104127 0.065984
20 0.089841 0.473834 0.103492 0.067122
20 0.101587 0.546075 0.101587 0.065984
