24 0.522540 0.565984 0.054603 0.055745
24 0.520317 0.503982 0.056508 0.047782
24 0.526032 0.437998 0.057778 0.047782
24 0.664762 0.648464 0.072381 0.050057
24 0.783175 0.652446 0.066667 0.046644
24 0.894921 0.647327 0.076825 0.043231
24 0.924444 0.434585 0.052063 0.040956
23 0.894921 0.603527 0.085714 0.048919
23 0.782540 0.606940 0.071746 0.048919
23 0.664762 0.600683 0.080000 0.036405
23 0.867937 0.430034 0.062222 0.040956
23 0.445397 0.437429 0.083175 0.058020
23 0.445397 0.503982 0.078095 0.056883
23 0.456508 0.567691 0.069841 0.052332
22 0.880635 0.559158 0.076190 0.039818
22 0.779048 0.563709 0.071111 0.032992
22 0.665714 0.563140 0.064127 0.034130
22 0.801905 0.434016 0.064762 0.035267
22 0.360952 0.436860 0.074286 0.047782
22 0.363492 0.503413 0.075556 0.042093
22 0.379683 0.569966 0.071111 0.056883
21 0.736508 0.433447 0.062222 0.040956
21 0.659683 0.524460 0.055873 0.043231
21 0.771111 0.529579 0.057778 0.035267
21 0.876190 0.523322 0.058413 0.031854
21 0.274921 0.439704 0.072381 0.055745
21 0.274603 0.508532 0.071746 0.040956
21 0.275873 0.575654 0.078095 0.043231
20 0.661587 0.433447 0.069841 0.052332
20 0.661905 0.486348 0.061587 0.037543
20 0.775238 0.487486 0.067302 0.048919
20 0.874286 0.481797 0.069841 0.044369
20 0.165714 0.428896 0.118095 0.072810
20 0.161270 0.505119 0.115556 0.063709
20 0.160000 0.573948 0.115556 0.067122
