24 0.523175 0.557452 0.066032 0.052332
24 0.522222 0.482366 0.064127 0.050057
24 0.517460 0.410125 0.064762 0.048919
24 0.691746 0.643345 0.056508 0.053470
24 0.799365 0.649602 0.066032 0.052332
24 0.924444 0.653584 0.073651 0.048919
24 0.880635 0.427190 0.045714 0.037543
23 0.907937 0.604096 0.068571 0.040956
23 0.786349 0.597838 0.067937 0.042093
23 0.672381 0.590444 0.066032 0.043231
23 0.832381 0.423208 0.050794 0.040956
23 0.445714 0.563140 0.077460 0.056883
23 0.448571 0.473265 0.076825 0.059158
23 0.436825 0.400455 0.077460 0.045506
22 0.900952 0.563140 0.071111 0.031854
22 0.776190 0.419226 0.052698 0.042093
22 0.775238 0.552901 0.060952 0.036405
22 0.665079 0.546644 0.061587 0.039818
22 0.365714 0.468714 0.085079 0.056883
22 0.359365 0.560296 0.088889 0.062571
22 0.345714 0.391923 0.089524 0.046644
21 0.892063 0.524460 0.057143 0.045506
21 0.770159 0.515358 0.057143 0.038680
21 0.655238 0.505688 0.052063 0.035267
21 0.724444 0.413538 0.041905 0.042093
21 0.254286 0.395904 0.067937 0.047782
21 0.272698 0.479522 0.073016 0.058020
21 0.265079 0.569966 0.079365 0.061433
20 0.659683 0.461889 0.052063 0.043231
20 0.661270 0.407281 0.057778 0.047782
20 0.769841 0.468146 0.066667 0.048919
20 0.880317 0.472127 0.070476 0.050057
20 0.151746 0.390785 0.102857 0.062571
20 0.160000 0.468714 0.110476 0.072810
20 0.140317 0.568259 0.130794 0.080774
