24 0.637460 0.668942 0.082540 0.056883
24 0.783492 0.672355 0.085079 0.052332
24 0.924127 0.675199 0.097143 0.060296
24 0.950794 0.434016 0.064127 0.048919
24 0.469841 0.579636 0.054603 0.042093
24 0.466032 0.510239 0.059683 0.048919
24 0.471111 0.443117 0.063492 0.058020
23 0.927619 0.621729 0.115556 0.053470
23 0.784762 0.624573 0.092698 0.045506
23 0.637143 0.617179 0.099683 0.044369
23 0.872381 0.428896 0.085079 0.059158
23 0.402857 0.580205 0.069206 0.054608
23 0.394286 0.514790 0.083810 0.051195
23 0.383810 0.446530 0.085714 0.060296
22 0.778095 0.577929 0.092063 0.029579
22 0.908889 0.577929 0.103492 0.050057
22 0.633333 0.571104 0.083175 0.038680
22 0.788571 0.435722 0.074921 0.043231
22 0.297460 0.445961 0.085714 0.050057
22 0.302540 0.512514 0.071746 0.055745
22 0.319683 0.580205 0.088254 0.045506
21 0.898413 0.533561 0.074921 0.038680
21 0.762222 0.540387 0.066667 0.040956
21 0.621587 0.534699 0.059683 0.036405
21 0.708254 0.434016 0.067937 0.048919
21 0.214603 0.450512 0.071111 0.059158
21 0.220317 0.517065 0.069841 0.046644
21 0.223175 0.579636 0.078095 0.062571
20 0.617143 0.435722 0.078730 0.061433
20 0.621905 0.489761 0.064127 0.051195
20 0.763492 0.492605 0.089524 0.061433
20 0.891111 0.487486 0.086984 0.051195
20 0.110476 0.444255 0.111746 0.064846
20 0.112063 0.515927 0.100952 0.064846
20 0.118095 0.588737 0.106667 0.064846
