24 0.479683 0.533561 0.057778 0.054608
24 0.486349 0.451650 0.064762 0.056883
24 0.481587 0.381115 0.066667 0.052332
24 0.641905 0.607509 0.058413 0.047782
24 0.764444 0.612059 0.072381 0.047782
24 0.908889 0.622867 0.090794 0.053470
24 0.913968 0.378840 0.055238 0.036405
23 0.904127 0.570535 0.081270 0.053470
23 0.759365 0.563140 0.082540 0.047782
23 0.630159 0.558020 0.073016 0.048919
23 0.847937 0.380546 0.064127 0.048919
23 0.404127 0.531854 0.078095 0.053470
23 0.414603 0.453356 0.072381 0.048919
23 0.405079 0.381684 0.072381 0.051195
22 0.759048 0.518203 0.071746 0.035267
22 0.908254 0.527304 0.081905 0.044369
22 0.631429 0.515358 0.070476 0.034130
22 0.779048 0.377702 0.058413 0.031854
22 0.316825 0.383390 0.082540 0.040956
22 0.335556 0.451081 0.075556 0.042093
22 0.323492 0.530717 0.078095 0.048919
21 0.753968 0.475540 0.076825 0.043231
21 0.903492 0.486348 0.078730 0.046644
21 0.629206 0.473834 0.052063 0.044369
21 0.712063 0.379977 0.055238 0.043231
21 0.250159 0.460182 0.067302 0.051195
21 0.242222 0.536405 0.074286 0.060296
21 0.237460 0.389078 0.062222 0.038680
20 0.641587 0.374858 0.071746 0.046644
20 0.636825 0.430034 0.066032 0.043231
20 0.762540 0.431172 0.088889 0.054608
20 0.904127 0.434585 0.100317 0.061433
20 0.145714 0.388510 0.084444 0.051195
20 0.152063 0.459044 0.093333 0.058020
20 0.140952 0.538111 0.105397 0.068259
