24 0.691429 0.445961 0.091429 0.059158
24 0.780317 0.368032 0.076190 0.058020
24 0.665714 0.309443 0.064127 0.047782
24 0.656190 0.247440 0.066667 0.048919
24 0.523492 0.612628 0.083175 0.053470
24 0.372698 0.748578 0.090159 0.068259
23 0.700635 0.598976 0.114921 0.060296
23 0.531111 0.680319 0.109841 0.061433
23 0.365714 0.682025 0.104127 0.053470
23 0.757143 0.302617 0.093333 0.054608
23 0.688254 0.373720 0.096508 0.053470
23 0.568254 0.253697 0.096508 0.040956
22 0.463492 0.244027 0.105397 0.053470
22 0.466984 0.311718 0.095873 0.054608
22 0.362857 0.393629 0.120000 0.059158
22 0.360317 0.620023 0.103492 0.052332
22 0.714286 0.734926 0.105397 0.054608
22 0.541905 0.746871 0.118730 0.058020
21 0.706984 0.664960 0.088254 0.053470
21 0.526667 0.543800 0.084444 0.056883
21 0.357143 0.545506 0.084444 0.058020
21 0.585079 0.374858 0.073016 0.058020
21 0.738413 0.244027 0.071111 0.055745
21 0.346984 0.325370 0.090794 0.054608
20 0.704444 0.529010 0.113651 0.077361
20 0.520317 0.468146 0.100952 0.076223
20 0.360000 0.472696 0.091429 0.073948
20 0.474286 0.379408 0.095238 0.064846
20 0.573016 0.310580 0.094603 0.061433
20 0.350476 0.253697 0.102857 0.054608
