20 0.296825 0.255404 0.113651 0.067122
20 0.313333 0.496587 0.095873 0.067122
20 0.477778 0.484073 0.106032 0.089875
20 0.678413 0.556883 0.123810 0.076223
20 0.540317 0.323663 0.113016 0.064846
20 0.432063 0.394767 0.100952 0.061433
21 0.307302 0.574516 0.100317 0.056883
21 0.489841 0.564846 0.089524 0.062571
21 0.680635 0.700228 0.092698 0.058020
21 0.710476 0.248578 0.081270 0.064846
21 0.547619 0.394198 0.078095 0.060296
21 0.293968 0.340159 0.087619 0.059158
22 0.320952 0.643914 0.116190 0.054608
22 0.506349 0.772469 0.118730 0.063709
22 0.692063 0.759386 0.113016 0.067122
22 0.311746 0.411263 0.118095 0.067122
22 0.421905 0.327076 0.103492 0.060296
22 0.412381 0.254266 0.103492 0.055745
23 0.523175 0.255404 0.107937 0.069397
23 0.735238 0.316268 0.100317 0.050057
23 0.658413 0.389078 0.100317 0.068259
23 0.494603 0.702503 0.128254 0.062571
23 0.673968 0.632537 0.122540 0.059158
23 0.325397 0.709329 0.107302 0.062571
24 0.332698 0.776451 0.099048 0.064846
24 0.486349 0.637656 0.095238 0.064846
24 0.660317 0.469283 0.097778 0.062571
24 0.757460 0.376564 0.081270 0.063709
24 0.636825 0.318544 0.074921 0.050057
24 0.626349 0.251991 0.073016 0.046644
