20 0.169841 0.402162 0.076825 0.051195
20 0.157143 0.454494 0.083175 0.044369
20 0.150159 0.507395 0.084444 0.047782
20 0.565079 0.391354 0.060952 0.038680
20 0.572063 0.432309 0.050794 0.036405
20 0.679683 0.433447 0.065397 0.043231
20 0.774286 0.429465 0.065397 0.039818
21 0.251429 0.407850 0.054603 0.037543
21 0.245714 0.456200 0.049524 0.043231
21 0.238730 0.507395 0.058413 0.034130
21 0.637460 0.392491 0.053333 0.029579
21 0.571746 0.464733 0.051429 0.026166
21 0.682857 0.468146 0.055238 0.035267
21 0.782540 0.464164 0.051429 0.031854
22 0.578095 0.494312 0.065397 0.030717
22 0.697460 0.500000 0.074286 0.026166
22 0.799048 0.498294 0.079365 0.029579
22 0.698730 0.389078 0.055238 0.031854
22 0.315873 0.405575 0.064127 0.026166
22 0.317460 0.450512 0.064762 0.029579
22 0.323492 0.501706 0.062857 0.034130
23 0.701905 0.535836 0.073016 0.034130
23 0.760952 0.386803 0.062857 0.038680
23 0.825714 0.534130 0.103492 0.032992
23 0.580635 0.529579 0.085714 0.042093
23 0.389206 0.499431 0.060952 0.040956
23 0.385714 0.449374 0.062857 0.036405
23 0.384444 0.402730 0.056508 0.043231
24 0.826667 0.576792 0.088889 0.040956
24 0.708254 0.576223 0.075556 0.046644
24 0.581270 0.572241 0.080635 0.038680
24 0.820000 0.391923 0.047619 0.032992
24 0.446984 0.497725 0.050794 0.037543
24 0.449206 0.449943 0.047619 0.030717
24 0.452381 0.398180 0.046349 0.038680
