20 0.629206 0.398180 0.059683 0.050057
20 0.632063 0.446530 0.062857 0.051195
20 0.747619 0.448805 0.074286 0.048919
20 0.889841 0.441411 0.089524 0.059158
20 0.223810 0.428896 0.065397 0.054608
20 0.225714 0.491468 0.069206 0.061433
20 0.218413 0.560296 0.085079 0.067122
21 0.697460 0.395904 0.051429 0.047782
21 0.622222 0.493743 0.046984 0.038680
21 0.742222 0.493743 0.072381 0.043231
21 0.890476 0.497156 0.071746 0.045506
21 0.291111 0.426621 0.045079 0.040956
21 0.300952 0.488623 0.052063 0.039818
21 0.295238 0.561433 0.054603 0.044369
22 0.764762 0.390216 0.061587 0.047782
22 0.627619 0.532992 0.069206 0.035267
22 0.747302 0.535267 0.068571 0.042093
22 0.901587 0.544369 0.086349 0.046644
22 0.353968 0.415245 0.061587 0.040956
22 0.369206 0.481229 0.062857 0.034130
22 0.361270 0.554608 0.066032 0.035267
23 0.626349 0.575085 0.074286 0.044369
23 0.746032 0.578498 0.081270 0.042093
23 0.903175 0.587600 0.103492 0.039818
23 0.836508 0.388510 0.067937 0.039818
23 0.424762 0.413538 0.054603 0.044369
23 0.437460 0.476109 0.059683 0.044369
23 0.429524 0.551763 0.066667 0.045506
24 0.900000 0.641069 0.086984 0.055745
24 0.751429 0.631968 0.074286 0.048919
24 0.635556 0.624573 0.059683 0.043231
24 0.489841 0.551763 0.047619 0.040956
24 0.496508 0.475540 0.054603 0.052332
24 0.488254 0.414107 0.057143 0.043231
24 0.900000 0.385666 0.060317 0.034130
