20 0.624444 0.377702 0.069206 0.059158
20 0.623810 0.435722 0.065397 0.045506
20 0.750159 0.439135 0.089524 0.052332
20 0.893016 0.437429 0.090794 0.060296
20 0.117778 0.394198 0.098413 0.064846
20 0.128571 0.469852 0.111111 0.065984
20 0.118413 0.556314 0.120000 0.059158
21 0.608889 0.485210 0.054603 0.042093
21 0.696825 0.384528 0.053968 0.045506
21 0.743175 0.488055 0.076825 0.043231
21 0.892063 0.493174 0.069841 0.044369
21 0.231746 0.468146 0.067302 0.051195
21 0.219365 0.550626 0.073016 0.056883
21 0.214286 0.393629 0.065397 0.050057
22 0.764127 0.385097 0.069206 0.039818
22 0.746667 0.529579 0.072381 0.042093
22 0.900317 0.538111 0.091429 0.040956
22 0.617143 0.525597 0.073651 0.040956
22 0.317460 0.460751 0.080000 0.052332
22 0.308889 0.545506 0.080635 0.058020
22 0.293333 0.388510 0.083810 0.044369
23 0.836190 0.381684 0.073651 0.046644
23 0.904127 0.584187 0.101587 0.042093
23 0.747619 0.571672 0.085714 0.048919
23 0.622222 0.569397 0.081270 0.046644
23 0.387619 0.544369 0.074286 0.055745
23 0.398095 0.461320 0.077460 0.058020
23 0.381905 0.391354 0.071746 0.047782
24 0.904762 0.378840 0.055873 0.050057
24 0.905397 0.633675 0.086349 0.056883
24 0.758095 0.626849 0.080000 0.054608
24 0.631746 0.621729 0.062222 0.048919
24 0.463492 0.543231 0.057143 0.046644
24 0.468571 0.461320 0.064762 0.058020
24 0.463810 0.391354 0.066667 0.043231
