45 0.429841 0.571104 0.073651 0.054608
45 0.438413 0.509670 0.071746 0.045506
45 0.449206 0.459044 0.066667 0.048919
45 0.606349 0.583618 0.081270 0.056883
45 0.730476 0.583618 0.088254 0.050057
45 0.890159 0.598407 0.119365 0.052332
45 0.817778 0.422071 0.086349 0.043231
44 0.861905 0.534130 0.094603 0.055745
44 0.720317 0.531854 0.084444 0.042093
44 0.614286 0.526166 0.083175 0.048919
44 0.701587 0.429465 0.074921 0.044369
44 0.356508 0.455631 0.065397 0.055745
44 0.339365 0.517634 0.069206 0.052332
44 0.330159 0.568259 0.068571 0.053470
43 0.615238 0.431741 0.077460 0.037543
43 0.609206 0.476678 0.070476 0.047782
43 0.709206 0.482935 0.072381 0.051195
43 0.838730 0.478385 0.082540 0.058020
43 0.256190 0.522753 0.073016 0.051195
43 0.256508 0.462457 0.059683 0.042093
43 0.235556 0.584187 0.076190 0.060296
