43 0.186349 0.455631 0.081905 0.055745
43 0.176825 0.523322 0.085714 0.063709
43 0.180635 0.591581 0.085714 0.056883
43 0.621587 0.440842 0.077460 0.058020
43 0.614603 0.498862 0.077460 0.046644
43 0.745079 0.497156 0.088254 0.056883
43 0.876508 0.492036 0.080635 0.053470
44 0.711111 0.438567 0.074921 0.055745
44 0.619048 0.558020 0.088889 0.062571
44 0.758730 0.555745 0.083810 0.053470
44 0.891746 0.546075 0.086984 0.054608
44 0.292381 0.513083 0.079365 0.056883
44 0.295556 0.588737 0.097143 0.073948
44 0.307937 0.456200 0.067302 0.054608
45 0.628254 0.617179 0.074286 0.053470
45 0.768571 0.617179 0.088254 0.058020
45 0.908254 0.620023 0.092063 0.068259
45 0.817143 0.441980 0.082540 0.051195
45 0.417460 0.453356 0.075556 0.055745
45 0.402540 0.515358 0.073651 0.052332
45 0.413968 0.586462 0.090159 0.067122
