43 0.266984 0.583618 0.100952 0.059158
43 0.258413 0.511945 0.080000 0.052332
43 0.250794 0.660978 0.100317 0.075085
43 0.674921 0.497725 0.069841 0.046644
43 0.674921 0.548350 0.069841 0.043231
43 0.770476 0.557452 0.061587 0.052332
43 0.879365 0.558020 0.069841 0.058020
44 0.903810 0.612059 0.079365 0.052332
44 0.784762 0.606940 0.081270 0.042093
44 0.687937 0.598976 0.084444 0.053470
44 0.754603 0.504551 0.061587 0.051195
44 0.372381 0.646758 0.086984 0.060296
44 0.380952 0.578498 0.090159 0.062571
44 0.395873 0.511377 0.086984 0.064846
45 0.685714 0.658134 0.082540 0.062571
45 0.798095 0.659272 0.081270 0.053470
45 0.926984 0.665529 0.093968 0.052332
45 0.852063 0.503413 0.076190 0.042093
45 0.505714 0.517065 0.080635 0.053470
45 0.493651 0.579636 0.089524 0.060296
45 0.497778 0.642207 0.093968 0.067122
