45 0.459048 0.750853 0.101587 0.063709
45 0.626667 0.741183 0.099048 0.071672
45 0.719048 0.587600 0.089524 0.048919
45 0.653968 0.406712 0.086349 0.067122
45 0.450476 0.550626 0.106032 0.054608
45 0.448571 0.486917 0.099683 0.054608
44 0.748254 0.646189 0.123810 0.059158
44 0.588254 0.601820 0.095873 0.054608
44 0.438095 0.683163 0.129524 0.051195
44 0.573333 0.478385 0.090159 0.051195
44 0.688889 0.526735 0.099048 0.056883
43 0.774603 0.716155 0.099048 0.067122
43 0.603810 0.661547 0.087619 0.058020
43 0.431429 0.620592 0.098413 0.062571
43 0.444762 0.415245 0.098413 0.063709
44 0.548889 0.412400 0.085714 0.069397
43 0.588571 0.535267 0.083810 0.058020
43 0.663810 0.467577 0.081905 0.050057
