45 0.440952 0.473834 0.074286 0.053470
45 0.420317 0.539249 0.077460 0.050057
45 0.437778 0.606371 0.089524 0.056883
45 0.798413 0.462457 0.071746 0.053470
45 0.743810 0.623436 0.079365 0.068259
45 0.849524 0.621160 0.081270 0.063709
45 0.633651 0.626849 0.077460 0.040956
44 0.848254 0.559158 0.068571 0.053470
44 0.733333 0.565984 0.066032 0.048919
44 0.621270 0.572810 0.083175 0.060296
44 0.713968 0.464733 0.067937 0.058020
44 0.313968 0.543231 0.079365 0.062571
44 0.327302 0.478953 0.076825 0.054608
44 0.320000 0.610922 0.093968 0.063709
43 0.631746 0.466439 0.064762 0.054608
43 0.620000 0.519909 0.065397 0.043231
43 0.733016 0.515927 0.073016 0.044369
43 0.839365 0.511377 0.064762 0.044369
43 0.199365 0.481229 0.092698 0.061433
43 0.195238 0.551195 0.090794 0.062571
43 0.198095 0.618316 0.099048 0.060296
