45 0.404444 0.558589 0.077460 0.054608
45 0.867937 0.576223 0.115556 0.055745
45 0.784444 0.437429 0.079365 0.039818
45 0.592698 0.573379 0.083175 0.054608
45 0.427937 0.453356 0.067302 0.051195
45 0.415238 0.502275 0.069841 0.042093
45 0.714921 0.567122 0.090159 0.046644
44 0.836190 0.526735 0.090159 0.045506
44 0.699048 0.525028 0.083810 0.042093
44 0.598413 0.515927 0.088254 0.048919
44 0.677460 0.437998 0.069841 0.040956
44 0.304127 0.507395 0.074921 0.052332
44 0.326984 0.453925 0.068571 0.045506
44 0.291429 0.558020 0.069841 0.042093
43 0.595556 0.438567 0.066032 0.032992
43 0.592381 0.475540 0.063492 0.036405
43 0.690794 0.482935 0.064762 0.037543
43 0.813016 0.484642 0.079365 0.043231
43 0.218095 0.456769 0.070476 0.048919
43 0.215238 0.507395 0.077460 0.047782
43 0.178095 0.561433 0.081905 0.048919
