43 0.217778 0.468714 0.072381 0.050057
43 0.235238 0.526166 0.079365 0.060296
43 0.262222 0.589306 0.077460 0.056883
43 0.605714 0.435722 0.081270 0.052332
43 0.613968 0.488623 0.077460 0.058020
43 0.745397 0.487486 0.091429 0.048919
43 0.875556 0.473834 0.081270 0.051195
44 0.896825 0.530717 0.092063 0.053470
44 0.760952 0.541524 0.084444 0.047782
44 0.633651 0.546644 0.096508 0.051195
44 0.701270 0.434016 0.081905 0.051195
44 0.318730 0.466439 0.066032 0.050057
44 0.330794 0.523322 0.071111 0.043231
44 0.353651 0.581342 0.083810 0.056883
45 0.775556 0.597838 0.067937 0.058020
45 0.916825 0.604664 0.087619 0.058020
45 0.816190 0.427759 0.086984 0.050057
45 0.648571 0.599545 0.066667 0.047782
45 0.457143 0.582480 0.076190 0.052332
45 0.427937 0.517634 0.062222 0.047782
45 0.425079 0.461889 0.075556 0.054608
