43 0.379048 0.407281 0.092698 0.068259
43 0.504127 0.524460 0.083810 0.056883
43 0.591111 0.457907 0.083810 0.048919
43 0.666984 0.716155 0.103492 0.067122
43 0.506349 0.655290 0.084444 0.056883
43 0.349841 0.608077 0.091429 0.055745
44 0.652698 0.645620 0.120635 0.071672
44 0.603492 0.518203 0.092063 0.055745
44 0.500317 0.466439 0.078730 0.052332
44 0.474603 0.401593 0.085714 0.068259
44 0.493651 0.589875 0.081905 0.060296
44 0.346349 0.667235 0.099683 0.055745
45 0.510794 0.733788 0.090794 0.075085
45 0.355556 0.733220 0.085079 0.067122
45 0.366032 0.542662 0.085714 0.052332
45 0.377778 0.477816 0.088889 0.052332
45 0.586984 0.390216 0.093333 0.059158
45 0.633651 0.579067 0.106667 0.050057
