43 0.400952 0.420364 0.090794 0.058020
43 0.360635 0.596701 0.095238 0.055745
43 0.529524 0.520478 0.083810 0.046644
43 0.606984 0.461889 0.085079 0.040956
44 0.625079 0.511945 0.090794 0.052332
44 0.494921 0.422639 0.080635 0.058020
44 0.514603 0.473265 0.075556 0.040956
44 0.515873 0.581911 0.099683 0.051195
44 0.675238 0.627418 0.122540 0.064846
44 0.358413 0.658703 0.123810 0.059158
43 0.524762 0.639363 0.093333 0.050057
43 0.701270 0.693402 0.111111 0.055745
45 0.651111 0.568259 0.094603 0.048919
45 0.528889 0.715586 0.106667 0.077361
45 0.355238 0.728669 0.099683 0.071672
45 0.376508 0.538111 0.107937 0.059158
45 0.392698 0.482935 0.088254 0.044369
45 0.600952 0.412400 0.089524 0.053470
