43 0.153968 0.414107 0.073016 0.056883
43 0.167619 0.490899 0.092698 0.064846
43 0.150159 0.555745 0.083175 0.062571
43 0.579683 0.442548 0.072381 0.038680
43 0.581270 0.394767 0.078095 0.045506
43 0.688254 0.449943 0.076190 0.051195
43 0.815238 0.451650 0.090159 0.061433
44 0.673968 0.391923 0.070476 0.046644
44 0.695238 0.504551 0.083810 0.051195
44 0.836190 0.507395 0.100317 0.054608
44 0.586032 0.495449 0.092698 0.053470
44 0.260635 0.546644 0.086984 0.058020
44 0.269206 0.479522 0.087619 0.060296
44 0.280000 0.411263 0.078730 0.062571
45 0.863810 0.569397 0.112381 0.058020
45 0.708254 0.556883 0.085714 0.051195
45 0.581587 0.557452 0.085079 0.059158
45 0.793333 0.390785 0.092063 0.046644
45 0.388889 0.478953 0.071746 0.050057
45 0.397460 0.414676 0.082540 0.060296
45 0.381270 0.539818 0.085714 0.058020
