45 0.536825 0.684869 0.098413 0.065984
45 0.654921 0.536405 0.102222 0.055745
45 0.373016 0.689989 0.095873 0.067122
45 0.382857 0.495449 0.101587 0.046644
45 0.393968 0.428896 0.093333 0.059158
45 0.617143 0.353242 0.099048 0.055745
44 0.678730 0.600683 0.124444 0.070535
44 0.520317 0.548919 0.093333 0.055745
44 0.361587 0.625142 0.111111 0.058020
44 0.501587 0.356086 0.091429 0.072810
43 0.530794 0.606940 0.091429 0.058020
43 0.362857 0.563140 0.098413 0.056883
43 0.531746 0.484642 0.084444 0.050057
43 0.621270 0.416382 0.081905 0.056883
43 0.392381 0.357224 0.097778 0.072810
44 0.633651 0.474972 0.099048 0.058020
44 0.521270 0.423208 0.090159 0.054608
