43 0.372063 0.352673 0.100317 0.065984
43 0.347619 0.560865 0.095873 0.050057
43 0.595238 0.415245 0.083175 0.047782
43 0.506984 0.478385 0.086984 0.055745
43 0.507619 0.601820 0.089524 0.054608
43 0.672063 0.665529 0.100952 0.063709
44 0.654921 0.592150 0.120000 0.069397
44 0.611746 0.469852 0.102222 0.059158
44 0.500635 0.421502 0.088254 0.051195
44 0.474286 0.354380 0.085079 0.067122
44 0.344127 0.618316 0.109206 0.053470
44 0.498730 0.544937 0.090794 0.054608
45 0.631429 0.531854 0.100952 0.044369
45 0.590476 0.341297 0.095238 0.065984
45 0.517460 0.672924 0.092698 0.062571
45 0.369206 0.425484 0.102222 0.052332
45 0.360952 0.493174 0.106032 0.058020
45 0.352381 0.682025 0.099048 0.060296
