43 0.209206 0.457338 0.081905 0.047782
43 0.221587 0.529579 0.088889 0.067122
43 0.205714 0.602958 0.096508 0.065984
43 0.643492 0.430034 0.086984 0.045506
43 0.640635 0.482935 0.074921 0.046644
43 0.753016 0.489761 0.076190 0.048919
43 0.885397 0.488623 0.086984 0.060296
44 0.737778 0.430603 0.080000 0.053470
44 0.764762 0.539249 0.089524 0.050057
44 0.910159 0.547213 0.099683 0.050057
44 0.647619 0.532423 0.092698 0.050057
44 0.320000 0.584755 0.081270 0.054608
44 0.324127 0.522184 0.080635 0.054608
44 0.338413 0.452787 0.077460 0.068259
45 0.647619 0.597838 0.091429 0.058020
45 0.779048 0.591013 0.091429 0.048919
45 0.932063 0.606371 0.115556 0.056883
45 0.858413 0.426621 0.086349 0.043231
45 0.454603 0.460182 0.085079 0.048919
45 0.450794 0.518203 0.080000 0.051195
45 0.446349 0.580774 0.087619 0.055745
