45 0.606349 0.619454 0.073651 0.048919
45 0.755556 0.626280 0.091429 0.055745
45 0.892381 0.619454 0.100952 0.069397
45 0.819048 0.434585 0.097778 0.059158
45 0.375238 0.593857 0.092698 0.059158
45 0.352698 0.528441 0.090794 0.053470
45 0.360952 0.457338 0.086984 0.054608
44 0.890476 0.545506 0.090794 0.060296
44 0.740317 0.555745 0.081270 0.048919
44 0.598095 0.559727 0.102857 0.059158
44 0.697143 0.436860 0.091429 0.056883
44 0.223810 0.463026 0.083175 0.056883
44 0.228889 0.525597 0.098413 0.056883
44 0.247302 0.601820 0.114921 0.063709
43 0.586349 0.439704 0.088254 0.058020
43 0.583492 0.498862 0.092698 0.055745
43 0.734921 0.498294 0.098413 0.056883
43 0.880635 0.488055 0.088889 0.050057
43 0.084127 0.463595 0.095873 0.058020
43 0.098095 0.536405 0.100952 0.058020
43 0.119365 0.601251 0.102857 0.055745
