45 0.409206 0.445392 0.080635 0.055745
45 0.403492 0.514790 0.086984 0.048919
45 0.421905 0.577361 0.093333 0.060296
45 0.827302 0.425484 0.085079 0.059158
45 0.766667 0.603527 0.073016 0.064846
45 0.892063 0.600114 0.087619 0.062571
45 0.634921 0.604096 0.074921 0.056883
44 0.893333 0.534699 0.087619 0.056883
44 0.757778 0.540956 0.073016 0.053470
44 0.625397 0.543800 0.090159 0.056883
44 0.720635 0.432309 0.078730 0.059158
44 0.288889 0.453925 0.074921 0.050057
44 0.287937 0.513652 0.092063 0.055745
44 0.304127 0.581911 0.104127 0.062571
43 0.619683 0.430603 0.080000 0.055745
43 0.614286 0.485210 0.081905 0.051195
43 0.752381 0.486348 0.087619 0.053470
43 0.886032 0.479522 0.078095 0.053470
43 0.159048 0.451081 0.084444 0.060296
43 0.169206 0.517634 0.090794 0.052332
43 0.189206 0.583049 0.091429 0.060296
