15 0.348254 0.330489 0.083175 0.071672
15 0.376825 0.531854 0.080635 0.058020
15 0.523175 0.531286 0.073651 0.063709
15 0.681587 0.717861 0.071746 0.059158
16 0.682857 0.525597 0.066667 0.054608
16 0.521587 0.626849 0.064127 0.045506
16 0.378413 0.587031 0.063492 0.040956
16 0.534603 0.444255 0.058413 0.051195
16 0.509206 0.381115 0.053333 0.052332
16 0.647619 0.315700 0.072381 0.055745
17 0.668254 0.439135 0.070476 0.061433
17 0.446349 0.324801 0.055873 0.044369
17 0.364762 0.397611 0.069206 0.048919
17 0.383175 0.627418 0.057778 0.037543
17 0.528889 0.670080 0.062222 0.036405
17 0.688571 0.573948 0.067937 0.039818
18 0.686667 0.619454 0.066667 0.039818
18 0.526984 0.717861 0.062222 0.043231
18 0.384762 0.672355 0.055873 0.036405
18 0.511429 0.320819 0.053968 0.043231
18 0.600317 0.443686 0.057778 0.043231
18 0.441905 0.383390 0.048254 0.052332
19 0.686349 0.666667 0.048254 0.038680
19 0.522222 0.584755 0.051429 0.038680
19 0.385079 0.716724 0.055238 0.047782
19 0.372698 0.457907 0.062222 0.053470
19 0.585714 0.318544 0.056508 0.056883
19 0.657778 0.375995 0.048254 0.048919
15 0.588254 0.383390 0.070476 0.050057
15 0.460317 0.450512 0.074921 0.052332
