15 0.394603 0.415813 0.061587 0.048919
15 0.577460 0.456200 0.053968 0.047782
15 0.475238 0.518203 0.051429 0.046644
15 0.413016 0.589875 0.056508 0.051195
15 0.524762 0.587031 0.066667 0.052332
15 0.662857 0.760523 0.054603 0.044369
16 0.514921 0.456769 0.044444 0.042093
16 0.623175 0.393629 0.057778 0.050057
16 0.535873 0.510808 0.049524 0.043231
16 0.525397 0.676906 0.052698 0.038680
16 0.659365 0.579636 0.059048 0.048919
16 0.408889 0.635381 0.044444 0.042093
17 0.461587 0.415813 0.048254 0.039818
17 0.405079 0.471559 0.054603 0.032992
17 0.637778 0.502275 0.059048 0.048919
17 0.665079 0.625711 0.053968 0.034130
17 0.529841 0.709898 0.048889 0.031854
17 0.412063 0.674061 0.048254 0.028441
18 0.666032 0.669511 0.055873 0.044369
18 0.524762 0.751422 0.052698 0.051195
18 0.414921 0.712742 0.046349 0.037543
18 0.517143 0.407281 0.042540 0.043231
19 0.570794 0.398749 0.035556 0.048919
19 0.633968 0.447668 0.042540 0.042093
19 0.413651 0.523891 0.038730 0.046644
18 0.466984 0.463026 0.037460 0.040956
18 0.584762 0.506826 0.043175 0.039818
19 0.666032 0.715586 0.044444 0.047782
19 0.526667 0.634243 0.046349 0.037543
19 0.408889 0.755973 0.044444 0.044369
