15 0.106984 0.385666 0.093333 0.056883
15 0.108889 0.461889 0.090794 0.063709
15 0.117778 0.546075 0.099683 0.086462
15 0.647937 0.367463 0.060317 0.052332
15 0.678413 0.419795 0.070476 0.045506
15 0.808254 0.420364 0.071111 0.053470
15 0.929206 0.410125 0.090794 0.058020
16 0.703492 0.362912 0.045714 0.043231
16 0.194286 0.391923 0.054603 0.053470
16 0.199683 0.457907 0.047619 0.051195
16 0.218730 0.542093 0.075556 0.069397
16 0.680317 0.468146 0.064127 0.044369
16 0.814286 0.473265 0.057778 0.040956
16 0.937778 0.465301 0.068571 0.043231
17 0.692063 0.514221 0.074921 0.031854
17 0.819048 0.511377 0.074921 0.037543
17 0.951746 0.507964 0.082540 0.037543
17 0.765397 0.360637 0.053968 0.043231
17 0.270476 0.383959 0.066032 0.053470
17 0.275873 0.456769 0.069206 0.048919
17 0.304762 0.537543 0.066032 0.053470
18 0.381587 0.532992 0.067302 0.051195
18 0.365397 0.453925 0.060317 0.056883
18 0.358413 0.374289 0.055238 0.050057
18 0.825079 0.356086 0.041270 0.045506
18 0.691429 0.552332 0.052063 0.039818
18 0.823175 0.555176 0.046349 0.038680
18 0.951111 0.550626 0.060952 0.040956
19 0.956190 0.600114 0.067302 0.053470
19 0.817778 0.600683 0.055873 0.045506
19 0.693968 0.598407 0.058413 0.050057
19 0.467302 0.525028 0.068571 0.058020
19 0.457143 0.443117 0.067302 0.062571
19 0.433016 0.373151 0.052063 0.052332
19 0.877143 0.353811 0.038730 0.036405
