19 0.426667 0.551763 0.043175 0.052332
19 0.422857 0.476678 0.044444 0.043231
19 0.418730 0.419226 0.040000 0.042093
19 0.628571 0.602389 0.052063 0.053470
19 0.751111 0.602389 0.058413 0.048919
19 0.884444 0.602958 0.062222 0.056883
19 0.820317 0.398180 0.040635 0.036405
18 0.884762 0.560865 0.051429 0.029579
18 0.773651 0.399317 0.040000 0.031854
18 0.745397 0.553470 0.055873 0.042093
18 0.620317 0.554608 0.053333 0.030717
18 0.362222 0.550057 0.057778 0.048919
18 0.361587 0.476678 0.042540 0.047782
18 0.353651 0.423208 0.050794 0.045506
17 0.874603 0.520478 0.067937 0.030717
17 0.748889 0.517065 0.066667 0.028441
17 0.608889 0.519340 0.052063 0.023891
17 0.720952 0.398749 0.046349 0.037543
17 0.286667 0.552332 0.066667 0.046644
17 0.292698 0.484642 0.063492 0.038680
17 0.286667 0.420933 0.065397 0.045506
16 0.861270 0.482935 0.056508 0.035267
16 0.740635 0.483504 0.055238 0.034130
16 0.599365 0.488623 0.044444 0.028441
16 0.659683 0.404437 0.036825 0.032992
16 0.204444 0.566553 0.044444 0.031854
16 0.222222 0.493743 0.045714 0.034130
16 0.218413 0.425484 0.043175 0.045506
15 0.854603 0.447668 0.067302 0.042093
15 0.731746 0.444255 0.078095 0.039818
15 0.606032 0.450512 0.057778 0.040956
15 0.605714 0.400455 0.054603 0.034130
15 0.092381 0.571104 0.112381 0.072810
15 0.122540 0.494312 0.095238 0.062571
15 0.140317 0.427190 0.073651 0.053470
