15 0.274286 0.372582 0.081270 0.064846
15 0.381587 0.498862 0.072381 0.062571
15 0.517143 0.431172 0.071746 0.054608
15 0.446667 0.576223 0.081905 0.048919
15 0.301270 0.579636 0.071746 0.055745
15 0.609841 0.767349 0.065397 0.051195
16 0.578413 0.363481 0.069841 0.055745
16 0.435238 0.426052 0.055238 0.048919
16 0.465714 0.492036 0.057778 0.058020
16 0.299048 0.634243 0.062222 0.055745
16 0.444762 0.678043 0.069206 0.040956
16 0.609841 0.572241 0.061587 0.054608
17 0.614286 0.620592 0.065397 0.042093
17 0.452698 0.717292 0.062222 0.035267
17 0.302540 0.680319 0.057778 0.031854
17 0.373016 0.374858 0.062857 0.046644
17 0.291429 0.439704 0.068571 0.042093
17 0.591111 0.486917 0.069841 0.050057
18 0.521270 0.487486 0.055873 0.044369
18 0.437778 0.365757 0.048889 0.051195
18 0.372063 0.434016 0.049524 0.046644
18 0.302857 0.723549 0.057143 0.036405
18 0.451746 0.763936 0.061587 0.048919
18 0.613651 0.668942 0.059048 0.043231
19 0.613016 0.711604 0.055238 0.048919
19 0.306667 0.771900 0.043175 0.046644
19 0.588889 0.428328 0.053968 0.051195
19 0.515238 0.359499 0.045079 0.056883
19 0.297143 0.500000 0.055873 0.064846
