18 0.906667 0.564846 0.058413 0.035267
18 0.763810 0.564278 0.055873 0.034130
18 0.822857 0.363481 0.043175 0.039818
18 0.639048 0.560865 0.055238 0.031854
18 0.385079 0.563140 0.057778 0.061433
18 0.370794 0.472127 0.052063 0.050057
18 0.353016 0.394767 0.053333 0.054608
19 0.890476 0.616610 0.065397 0.047782
19 0.876190 0.361206 0.041905 0.046644
19 0.764762 0.614334 0.047619 0.061433
19 0.646667 0.610353 0.056508 0.044369
19 0.447937 0.550626 0.047619 0.065984
19 0.431429 0.469283 0.057778 0.062571
19 0.421905 0.389647 0.051429 0.062571
17 0.900317 0.518203 0.064762 0.039818
17 0.772063 0.521047 0.076190 0.045506
17 0.628254 0.522184 0.047619 0.027304
17 0.759365 0.365188 0.053333 0.036405
17 0.308889 0.552332 0.067937 0.046644
17 0.298730 0.475540 0.069206 0.045506
17 0.275873 0.394767 0.062857 0.052332
16 0.894286 0.480091 0.056508 0.043231
16 0.768571 0.478953 0.059048 0.036405
16 0.621270 0.481797 0.043810 0.044369
16 0.691111 0.368601 0.042540 0.040956
16 0.226032 0.481797 0.054603 0.048919
16 0.231111 0.569397 0.048254 0.046644
16 0.202540 0.395336 0.053333 0.053470
15 0.897460 0.431172 0.066667 0.052332
15 0.764762 0.430034 0.081905 0.059158
15 0.626984 0.432309 0.059048 0.040956
15 0.630476 0.364619 0.063492 0.051195
15 0.125079 0.488055 0.100317 0.068259
15 0.118413 0.567122 0.104762 0.067122
15 0.124444 0.393060 0.073651 0.048919
