15 0.084444 0.568828 0.102857 0.075085
15 0.106984 0.488055 0.089524 0.052332
15 0.129206 0.427759 0.084444 0.040956
15 0.629206 0.424915 0.053333 0.037543
15 0.661587 0.464733 0.060952 0.042093
15 0.783492 0.465870 0.069841 0.046644
15 0.897143 0.466439 0.082540 0.045506
16 0.681587 0.422071 0.040000 0.027304
16 0.660000 0.507395 0.067937 0.040956
16 0.789524 0.509101 0.051429 0.037543
16 0.902222 0.509101 0.071111 0.044369
16 0.194603 0.488623 0.046349 0.037543
16 0.189841 0.564278 0.078730 0.061433
16 0.208889 0.432878 0.048254 0.044369
17 0.663810 0.544937 0.073016 0.034130
17 0.791429 0.547782 0.065397 0.030717
17 0.922222 0.548350 0.078095 0.029579
17 0.738095 0.418658 0.051429 0.029579
17 0.285397 0.424915 0.065397 0.044369
17 0.272381 0.485210 0.064762 0.037543
17 0.276190 0.557452 0.068571 0.047782
18 0.925397 0.590444 0.071746 0.045506
18 0.795873 0.589306 0.048889 0.040956
18 0.664762 0.583049 0.049524 0.044369
18 0.365397 0.555745 0.070476 0.046644
18 0.360317 0.483504 0.052698 0.050057
18 0.368889 0.422639 0.055873 0.042093
19 0.944127 0.646189 0.076190 0.054608
19 0.672063 0.630830 0.050159 0.058020
19 0.447937 0.551195 0.064127 0.060296
19 0.795238 0.637088 0.050159 0.040956
19 0.443492 0.477247 0.055238 0.055745
19 0.435556 0.419226 0.036825 0.044369
19 0.844762 0.417520 0.040000 0.034130
18 0.795873 0.418089 0.033651 0.035267
