19 0.404444 0.539249 0.044444 0.063709
19 0.394286 0.460751 0.039365 0.056883
19 0.390159 0.397042 0.042540 0.052332
19 0.576190 0.589875 0.046349 0.051195
19 0.686667 0.592719 0.059048 0.050057
19 0.812381 0.594994 0.062857 0.063709
19 0.792698 0.345848 0.043810 0.052332
18 0.826349 0.544937 0.062857 0.038680
18 0.686667 0.544369 0.053968 0.039818
18 0.570159 0.544937 0.045714 0.031854
18 0.740000 0.351536 0.038730 0.038680
18 0.352063 0.542093 0.045079 0.055745
18 0.347302 0.466439 0.038095 0.038680
18 0.338413 0.399317 0.038095 0.054608
17 0.816825 0.500569 0.069206 0.036405
17 0.692698 0.502844 0.071111 0.029579
17 0.559683 0.510808 0.046349 0.025028
17 0.683175 0.357224 0.052063 0.031854
17 0.290476 0.544937 0.050159 0.040956
17 0.288889 0.472696 0.054603 0.037543
17 0.277143 0.406143 0.047619 0.047782
16 0.809524 0.460182 0.060952 0.037543
16 0.687619 0.461320 0.054603 0.037543
16 0.557460 0.470990 0.041905 0.029579
16 0.620317 0.361775 0.036825 0.045506
16 0.231429 0.552901 0.037460 0.040956
16 0.232698 0.480091 0.041270 0.043231
16 0.225397 0.407850 0.036825 0.035267
15 0.812698 0.407281 0.066032 0.061433
15 0.685397 0.409556 0.078095 0.052332
15 0.565079 0.369170 0.053333 0.046644
15 0.560000 0.419226 0.052063 0.042093
15 0.147619 0.556314 0.081905 0.061433
15 0.159048 0.488055 0.075556 0.054608
15 0.161905 0.412969 0.058413 0.045506
