15 0.649206 0.393060 0.052698 0.051195
15 0.654603 0.450512 0.058413 0.047782
15 0.769206 0.446530 0.073016 0.051195
15 0.875238 0.452787 0.053968 0.050057
15 0.171429 0.493743 0.114286 0.077361
15 0.164762 0.405575 0.080635 0.071672
15 0.166032 0.584187 0.117460 0.064846
16 0.702857 0.393629 0.040635 0.043231
16 0.656508 0.492036 0.045714 0.039818
16 0.779683 0.492605 0.049524 0.045506
16 0.876190 0.498294 0.048254 0.034130
16 0.253651 0.399886 0.052698 0.055745
16 0.277143 0.496587 0.062857 0.071672
16 0.284762 0.583618 0.062857 0.052332
17 0.666984 0.534130 0.037460 0.026166
17 0.754603 0.390216 0.043810 0.036405
17 0.788889 0.531286 0.050159 0.029579
17 0.888889 0.532992 0.053333 0.035267
17 0.327937 0.409556 0.064127 0.059158
17 0.355556 0.489761 0.057143 0.048919
17 0.367937 0.574516 0.073016 0.052332
18 0.895556 0.573379 0.045079 0.036405
18 0.788889 0.569397 0.047619 0.035267
18 0.683492 0.571672 0.056508 0.032992
18 0.801270 0.395336 0.036825 0.039818
18 0.425714 0.484642 0.047619 0.043231
18 0.405397 0.412400 0.056508 0.046644
18 0.443175 0.573948 0.055873 0.055745
19 0.897778 0.616610 0.050794 0.045506
19 0.795556 0.619454 0.054603 0.048919
19 0.690794 0.618316 0.052063 0.048919
19 0.843810 0.398180 0.031746 0.043231
19 0.482857 0.477816 0.050159 0.061433
19 0.508254 0.564846 0.050159 0.062571
19 0.466349 0.411832 0.047619 0.050057
