19 0.550794 0.610922 0.071746 0.063709
19 0.535873 0.540956 0.055873 0.053470
19 0.510794 0.470990 0.034921 0.043231
19 0.941270 0.679181 0.047619 0.052332
19 0.836825 0.683163 0.041905 0.046644
19 0.745714 0.683163 0.038730 0.046644
19 0.868889 0.471559 0.032381 0.037543
18 0.841587 0.638225 0.043810 0.036405
18 0.936508 0.635950 0.045714 0.036405
18 0.740635 0.637656 0.050159 0.035267
18 0.830159 0.474972 0.032381 0.039818
18 0.446667 0.474972 0.052698 0.051195
18 0.452698 0.542093 0.048254 0.053470
18 0.470476 0.620592 0.064762 0.051195
17 0.786032 0.473834 0.045714 0.042093
17 0.739365 0.605233 0.057778 0.034130
17 0.838095 0.600114 0.054603 0.028441
17 0.937778 0.600683 0.055873 0.031854
17 0.390159 0.620023 0.076825 0.050057
17 0.366984 0.547782 0.072381 0.044369
17 0.360952 0.476109 0.064127 0.039818
16 0.921905 0.562002 0.055873 0.036405
16 0.834603 0.564278 0.046349 0.036405
16 0.730476 0.563709 0.053968 0.042093
16 0.741905 0.474403 0.033651 0.034130
16 0.281905 0.483504 0.058413 0.047782
16 0.288889 0.551195 0.063492 0.046644
16 0.309841 0.633106 0.071111 0.069397
15 0.691746 0.473265 0.051429 0.047782
15 0.725397 0.520478 0.055238 0.046644
15 0.828571 0.526166 0.049524 0.044369
15 0.913016 0.520478 0.071111 0.044369
15 0.202222 0.477816 0.090794 0.050057
15 0.196190 0.554608 0.099048 0.064846
15 0.201905 0.642207 0.121905 0.078498
