19 0.683810 0.446530 0.040635 0.053470
19 0.626667 0.391354 0.039365 0.045506
19 0.437778 0.506826 0.050159 0.062571
19 0.465397 0.765074 0.046984 0.058020
19 0.573333 0.629693 0.055873 0.042093
19 0.721587 0.705916 0.042540 0.048919
18 0.713968 0.659272 0.050159 0.042093
18 0.590159 0.754266 0.053968 0.047782
18 0.460317 0.712742 0.059683 0.035267
18 0.635873 0.501138 0.041270 0.046644
18 0.501587 0.448237 0.044444 0.052332
18 0.566667 0.392491 0.047619 0.043231
17 0.712063 0.615472 0.055238 0.038680
17 0.582222 0.708191 0.055873 0.028441
17 0.455873 0.675768 0.052063 0.034130
17 0.431429 0.444824 0.061587 0.045506
17 0.505079 0.393060 0.056508 0.048919
17 0.688889 0.498294 0.058413 0.040956
16 0.705079 0.575085 0.060317 0.039818
16 0.578095 0.671786 0.055238 0.048919
16 0.447619 0.633675 0.050794 0.043231
16 0.585714 0.502275 0.053968 0.058020
16 0.559365 0.441411 0.043175 0.043231
16 0.674603 0.392491 0.052698 0.045506
15 0.627619 0.446530 0.059048 0.048919
15 0.423810 0.387941 0.075556 0.054608
15 0.510476 0.506826 0.059683 0.048919
15 0.442222 0.577929 0.071746 0.054608
15 0.570159 0.580774 0.068571 0.046644
15 0.726349 0.750853 0.057143 0.036405
