15 0.230476 0.457338 0.062222 0.045506
15 0.223492 0.511945 0.062222 0.052332
15 0.224762 0.584755 0.069841 0.070535
15 0.633968 0.424346 0.053968 0.040956
15 0.661905 0.466439 0.057778 0.045506
15 0.779048 0.465301 0.063492 0.052332
15 0.891746 0.456769 0.089524 0.051195
16 0.684127 0.418089 0.037460 0.039818
16 0.660000 0.513652 0.061587 0.039818
16 0.780000 0.514221 0.055238 0.036405
16 0.896825 0.506826 0.069206 0.044369
16 0.288889 0.453356 0.038095 0.048919
16 0.286349 0.505688 0.033016 0.035267
16 0.292698 0.580774 0.052063 0.058020
17 0.667937 0.552332 0.062222 0.035267
17 0.783810 0.552332 0.071746 0.030717
17 0.911111 0.549488 0.086349 0.034130
17 0.737778 0.410125 0.050794 0.032992
17 0.344762 0.508532 0.050794 0.040956
17 0.354921 0.571672 0.054603 0.042093
17 0.343492 0.445961 0.055873 0.036405
18 0.791429 0.406143 0.042540 0.038680
18 0.670794 0.592719 0.050159 0.038680
18 0.785397 0.591013 0.050794 0.037543
18 0.913651 0.591013 0.064762 0.042093
18 0.419365 0.570535 0.055238 0.046644
18 0.401905 0.502275 0.043175 0.046644
18 0.406032 0.435722 0.047619 0.050057
19 0.934921 0.644482 0.078095 0.055745
19 0.794286 0.635950 0.059683 0.043231
19 0.677460 0.637656 0.049524 0.037543
19 0.840000 0.405575 0.040635 0.048919
19 0.484127 0.561433 0.052698 0.058020
19 0.474603 0.494881 0.041270 0.052332
19 0.460317 0.432309 0.031746 0.040956
