15 0.107302 0.391923 0.087619 0.055745
15 0.110159 0.487486 0.103492 0.073948
15 0.105079 0.575085 0.097143 0.073948
15 0.627937 0.366894 0.066032 0.055745
15 0.624127 0.433447 0.057143 0.040956
15 0.759365 0.429465 0.091429 0.051195
15 0.902857 0.431172 0.073651 0.059158
16 0.688571 0.364619 0.052698 0.044369
16 0.621587 0.483504 0.043175 0.045506
16 0.768889 0.477816 0.071111 0.050057
16 0.900317 0.486348 0.060952 0.042093
16 0.211111 0.485779 0.055238 0.052332
16 0.210476 0.579067 0.046349 0.047782
16 0.188889 0.397042 0.052698 0.054608
17 0.759365 0.363481 0.057143 0.037543
17 0.773016 0.522184 0.069206 0.038680
17 0.900952 0.529010 0.076190 0.036405
17 0.624762 0.529010 0.045714 0.036405
17 0.296508 0.562571 0.077460 0.053470
17 0.286032 0.477816 0.071746 0.052332
17 0.266032 0.399317 0.067302 0.056883
18 0.822222 0.354949 0.044444 0.050057
18 0.911746 0.571672 0.052063 0.048919
18 0.763492 0.565415 0.059048 0.054608
18 0.637460 0.566553 0.062222 0.034130
18 0.374286 0.567122 0.053968 0.051195
18 0.360317 0.479522 0.055238 0.053470
18 0.345714 0.389078 0.048889 0.063709
19 0.897143 0.617179 0.058413 0.055745
19 0.873968 0.360637 0.043810 0.052332
19 0.760317 0.617179 0.059048 0.051195
19 0.642222 0.618316 0.051429 0.046644
19 0.442540 0.556314 0.052063 0.061433
19 0.423175 0.471559 0.048889 0.058020
19 0.417143 0.388510 0.054603 0.069397
