19 0.714286 0.583618 0.050794 0.050057
19 0.837143 0.587031 0.052698 0.043231
19 0.967302 0.591013 0.061587 0.053470
19 0.901270 0.348692 0.036190 0.053470
19 0.492063 0.515358 0.062222 0.065984
19 0.480952 0.434016 0.070476 0.060296
19 0.460952 0.362344 0.058413 0.053470
18 0.710794 0.542093 0.050159 0.032992
18 0.837778 0.543231 0.046349 0.037543
18 0.965079 0.540956 0.055873 0.042093
18 0.847937 0.354380 0.042540 0.042093
18 0.392698 0.442548 0.061587 0.050057
18 0.413968 0.517065 0.064762 0.055745
18 0.388889 0.366894 0.064127 0.046644
17 0.836190 0.500000 0.066032 0.037543
17 0.963810 0.499431 0.066032 0.034130
17 0.711111 0.506826 0.067302 0.030717
17 0.790476 0.354949 0.053333 0.038680
17 0.302857 0.372014 0.072381 0.045506
17 0.306667 0.448237 0.071111 0.050057
17 0.328254 0.527873 0.069841 0.052332
16 0.950794 0.456769 0.069206 0.042093
16 0.831746 0.459044 0.059683 0.032992
16 0.699683 0.460751 0.060952 0.050057
16 0.728254 0.359499 0.038095 0.040956
16 0.229206 0.447668 0.045714 0.048919
16 0.247937 0.534699 0.071746 0.059158
16 0.228571 0.380546 0.049524 0.051195
15 0.950159 0.405575 0.092063 0.053470
15 0.830159 0.413538 0.067937 0.055745
15 0.706349 0.408987 0.074286 0.046644
15 0.670159 0.358931 0.060317 0.046644
15 0.151111 0.532423 0.096508 0.072810
15 0.143175 0.451081 0.089524 0.067122
15 0.144444 0.379408 0.088254 0.051195
