19 0.687619 0.632537 0.050794 0.040956
19 0.539048 0.568828 0.048254 0.038680
19 0.401905 0.674061 0.052063 0.042093
18 0.682540 0.597270 0.057143 0.034130
18 0.533333 0.672924 0.048254 0.037543
18 0.406349 0.633106 0.048254 0.028441
17 0.681270 0.559727 0.059683 0.029579
17 0.540317 0.633106 0.055873 0.021615
17 0.410476 0.598407 0.055238 0.027304
17 0.661905 0.463026 0.057778 0.036405
17 0.494286 0.390216 0.050159 0.031854
17 0.427302 0.430603 0.059683 0.028441
18 0.487302 0.425484 0.038730 0.040956
18 0.544762 0.387372 0.045714 0.037543
18 0.606032 0.463595 0.045079 0.039818
19 0.659365 0.421502 0.040000 0.044369
19 0.602857 0.380546 0.037460 0.037543
19 0.428571 0.474403 0.041905 0.045506
16 0.555556 0.465870 0.053333 0.046644
16 0.540000 0.423777 0.041270 0.032992
16 0.648571 0.379408 0.048889 0.042093
16 0.677143 0.524460 0.055238 0.045506
16 0.534921 0.601251 0.057778 0.030717
16 0.412063 0.566553 0.048254 0.031854
15 0.680952 0.676906 0.059048 0.040956
15 0.539048 0.528441 0.064762 0.035267
15 0.418095 0.529010 0.064127 0.036405
15 0.488889 0.469852 0.059683 0.034130
15 0.602857 0.420933 0.056508 0.034130
15 0.422222 0.391354 0.058413 0.036405
