35 0.388889 0.352105 0.090794 0.053470
35 0.540317 0.412969 0.078730 0.063709
35 0.655556 0.478385 0.090794 0.069397
35 0.362857 0.573948 0.104762 0.062571
35 0.547619 0.696246 0.104762 0.061433
36 0.698095 0.685438 0.080635 0.076223
36 0.536190 0.573379 0.069206 0.059158
36 0.367937 0.499431 0.080635 0.068259
36 0.647619 0.412969 0.060952 0.056883
36 0.628571 0.342435 0.072381 0.079636
36 0.361270 0.647895 0.074921 0.058020
37 0.689841 0.618885 0.088254 0.056883
37 0.536825 0.635950 0.098413 0.045506
37 0.373333 0.716155 0.105397 0.051195
35 0.685397 0.546644 0.111111 0.073948
37 0.509841 0.494881 0.091429 0.059158
37 0.524762 0.356655 0.088254 0.058020
37 0.379365 0.428896 0.097143 0.068259
