37 0.366984 0.706485 0.101587 0.047782
37 0.527619 0.633106 0.086349 0.044369
37 0.660635 0.617747 0.089524 0.043231
37 0.515873 0.415813 0.067937 0.039818
37 0.391429 0.464164 0.088254 0.052332
37 0.507619 0.524460 0.081905 0.052332
36 0.673968 0.671217 0.065397 0.052332
36 0.530476 0.582480 0.062857 0.052332
36 0.364127 0.644482 0.060317 0.053470
36 0.385079 0.523322 0.064127 0.050057
36 0.615238 0.456200 0.052063 0.040956
36 0.600000 0.410125 0.052063 0.039818
35 0.656825 0.564846 0.088254 0.053470
35 0.626667 0.512514 0.081270 0.055745
35 0.523810 0.452787 0.068571 0.043231
35 0.407302 0.414676 0.079365 0.039818
35 0.374921 0.584755 0.099683 0.059158
35 0.535238 0.691695 0.095238 0.061433
