36 0.538730 0.565415 0.064127 0.068259
36 0.373016 0.639363 0.066667 0.059158
36 0.625714 0.430603 0.050159 0.058020
36 0.611429 0.373151 0.054603 0.056883
36 0.683492 0.671786 0.060317 0.067122
37 0.545714 0.624005 0.078095 0.044369
37 0.666349 0.611490 0.083175 0.035267
37 0.524762 0.378840 0.069206 0.045506
37 0.393651 0.435154 0.083810 0.053470
36 0.379683 0.498294 0.068571 0.059158
37 0.506032 0.502275 0.076190 0.051195
35 0.655238 0.555176 0.090159 0.056883
35 0.629841 0.490330 0.078730 0.056883
35 0.533968 0.427190 0.074921 0.048919
35 0.557460 0.687144 0.088889 0.070535
35 0.380317 0.571672 0.099048 0.060296
35 0.405397 0.373720 0.081905 0.053470
37 0.396825 0.708760 0.093968 0.065984
