35 0.402540 0.423208 0.077460 0.040956
35 0.537778 0.473265 0.072381 0.063709
35 0.661905 0.531286 0.084444 0.068259
35 0.694921 0.606940 0.104762 0.067122
35 0.566984 0.753697 0.110476 0.067122
35 0.390476 0.628555 0.101587 0.069397
36 0.711111 0.744027 0.073651 0.072810
36 0.555556 0.626280 0.062222 0.067122
36 0.385714 0.699659 0.076825 0.068259
37 0.556190 0.689420 0.087619 0.047782
37 0.390476 0.771900 0.090159 0.053470
37 0.399365 0.486917 0.083810 0.059158
37 0.525079 0.412969 0.077460 0.056883
37 0.520952 0.548919 0.088254 0.053470
36 0.641587 0.465870 0.067937 0.051195
36 0.619365 0.403868 0.057778 0.068259
36 0.398730 0.559158 0.064762 0.064846
