37 0.360000 0.580774 0.087619 0.055745
37 0.366032 0.521615 0.078095 0.048919
37 0.363175 0.452218 0.080000 0.062571
37 0.596190 0.612059 0.078730 0.040956
37 0.752381 0.607509 0.083810 0.059158
37 0.881270 0.620023 0.087619 0.061433
37 0.833333 0.423208 0.065397 0.059158
36 0.888571 0.540956 0.080635 0.076223
36 0.744762 0.542093 0.069841 0.058020
36 0.591429 0.550057 0.078095 0.058020
36 0.233016 0.512514 0.073651 0.048919
36 0.242540 0.580205 0.069841 0.052332
36 0.226349 0.444824 0.066667 0.068259
35 0.584762 0.426052 0.104127 0.051195
35 0.605079 0.489761 0.087619 0.055745
35 0.750159 0.481229 0.111111 0.050057
35 0.919683 0.473834 0.120000 0.051195
36 0.722857 0.416951 0.061587 0.067122
35 0.083492 0.447099 0.089524 0.070535
35 0.105079 0.518203 0.122540 0.062571
35 0.111429 0.584187 0.113651 0.064846
