35 0.133651 0.469852 0.095873 0.054608
35 0.150476 0.536974 0.123175 0.061433
35 0.148571 0.614903 0.132063 0.073948
35 0.643492 0.444824 0.092063 0.047782
35 0.647619 0.499431 0.091429 0.054608
35 0.773016 0.489192 0.088254 0.056883
35 0.914921 0.478953 0.095238 0.047782
36 0.921270 0.535267 0.085079 0.060296
36 0.781905 0.546644 0.086984 0.053470
36 0.640000 0.555745 0.081270 0.053470
36 0.757778 0.436291 0.062857 0.048919
36 0.284444 0.460182 0.077460 0.048919
36 0.295873 0.529010 0.064762 0.063709
36 0.290794 0.608646 0.068571 0.063709
37 0.380000 0.614334 0.075556 0.068259
37 0.383810 0.529579 0.085714 0.051195
37 0.386032 0.461889 0.069841 0.052332
37 0.639683 0.617179 0.067937 0.053470
37 0.777143 0.617179 0.083810 0.060296
37 0.918730 0.608077 0.080000 0.062571
37 0.853651 0.434016 0.066667 0.044369
