37 0.528254 0.622298 0.095238 0.050057
37 0.680635 0.608646 0.105397 0.052332
37 0.348889 0.709329 0.099683 0.053470
37 0.363175 0.408987 0.093968 0.062571
37 0.500635 0.481797 0.089524 0.053470
37 0.517460 0.333902 0.090159 0.048919
36 0.686984 0.676337 0.078730 0.076223
36 0.528571 0.552901 0.073016 0.065984
36 0.343492 0.635950 0.073651 0.063709
36 0.353651 0.481797 0.067302 0.069397
36 0.643810 0.390785 0.064762 0.064846
36 0.621587 0.321957 0.071111 0.075085
35 0.679048 0.539249 0.109841 0.070535
35 0.646032 0.461320 0.100952 0.067122
35 0.528571 0.399317 0.083175 0.061433
35 0.534921 0.691126 0.111111 0.073948
35 0.376508 0.337315 0.091429 0.053470
35 0.344444 0.561433 0.116190 0.064846
