37 0.877143 0.672355 0.099683 0.061433
37 0.741587 0.660978 0.081270 0.059158
37 0.591429 0.661547 0.076825 0.055745
37 0.794603 0.468146 0.074286 0.055745
37 0.375238 0.631968 0.082540 0.051195
37 0.374921 0.569397 0.074286 0.046644
37 0.371746 0.507395 0.065397 0.047782
36 0.722222 0.588737 0.079365 0.055745
36 0.866984 0.589875 0.089524 0.083049
36 0.574286 0.592719 0.074286 0.056883
36 0.684444 0.470421 0.068571 0.064846
36 0.260635 0.503982 0.052698 0.059158
36 0.268571 0.565415 0.055873 0.056883
36 0.276825 0.628555 0.059683 0.062571
35 0.555873 0.477816 0.089524 0.054608
35 0.581587 0.533561 0.090159 0.052332
35 0.713333 0.530148 0.109841 0.056883
35 0.880952 0.514790 0.123810 0.051195
35 0.147937 0.512514 0.068571 0.046644
35 0.174921 0.568828 0.092063 0.047782
35 0.178413 0.627986 0.086349 0.054608
