35 0.137778 0.476678 0.085079 0.054608
35 0.143492 0.530717 0.111746 0.053470
35 0.128254 0.596701 0.104127 0.069397
35 0.588254 0.452218 0.097143 0.039818
35 0.600952 0.502275 0.083175 0.046644
35 0.733016 0.500569 0.104762 0.056883
35 0.892063 0.495449 0.109206 0.048919
36 0.588571 0.558589 0.071111 0.054608
36 0.739365 0.557452 0.074286 0.047782
36 0.879365 0.563140 0.086349 0.070535
36 0.708254 0.445392 0.053968 0.058020
36 0.270794 0.469852 0.053968 0.054608
36 0.260317 0.527304 0.058413 0.053470
36 0.253651 0.590444 0.067937 0.065984
37 0.364762 0.597270 0.083175 0.065984
37 0.376190 0.532992 0.080635 0.046644
37 0.385397 0.471559 0.074921 0.046644
37 0.596508 0.626280 0.070476 0.062571
37 0.751111 0.624005 0.085079 0.053470
37 0.883810 0.636519 0.092698 0.069397
37 0.807619 0.450512 0.055873 0.059158
