37 0.383175 0.621160 0.078095 0.061433
37 0.390794 0.537543 0.081905 0.058020
37 0.392698 0.470990 0.062857 0.043231
37 0.933651 0.611490 0.084444 0.064846
37 0.788254 0.620023 0.084444 0.061433
37 0.646984 0.625142 0.080000 0.044369
37 0.860000 0.436291 0.073016 0.048919
36 0.927619 0.535836 0.076190 0.061433
36 0.792063 0.548350 0.079365 0.061433
36 0.649206 0.558589 0.083175 0.059158
36 0.765397 0.443686 0.061587 0.050057
36 0.293968 0.618316 0.072381 0.076223
36 0.295873 0.538111 0.077460 0.059158
36 0.286667 0.467577 0.079365 0.061433
35 0.782540 0.495449 0.076825 0.044369
35 0.924762 0.478953 0.089524 0.045506
35 0.653333 0.446530 0.086349 0.048919
35 0.656508 0.496018 0.080000 0.050057
35 0.136190 0.488623 0.109841 0.069397
35 0.153016 0.554039 0.125714 0.063709
35 0.146984 0.624573 0.140317 0.072810
