37 0.596190 0.616610 0.077460 0.047782
37 0.733968 0.629124 0.078730 0.063709
37 0.839048 0.633106 0.069206 0.053470
37 0.797143 0.453356 0.053968 0.055745
37 0.394921 0.460182 0.080000 0.051195
37 0.390159 0.520478 0.081905 0.051195
37 0.367302 0.593288 0.084444 0.064846
36 0.843492 0.562002 0.070476 0.065984
36 0.724127 0.562002 0.070476 0.059158
36 0.592381 0.553470 0.071111 0.060296
36 0.708571 0.449943 0.050794 0.071672
36 0.265079 0.449374 0.069206 0.068259
36 0.263492 0.513652 0.067302 0.058020
36 0.257143 0.583618 0.069841 0.075085
35 0.597143 0.437998 0.092063 0.063709
35 0.608889 0.496587 0.077460 0.051195
35 0.725714 0.505688 0.092698 0.048919
35 0.861270 0.505688 0.092063 0.051195
35 0.118095 0.441980 0.107937 0.076223
35 0.129841 0.509670 0.122540 0.054608
35 0.116825 0.585893 0.115556 0.075085
