35 0.089206 0.440273 0.095873 0.056883
35 0.114286 0.502275 0.116825 0.048919
35 0.118095 0.569397 0.096508 0.062571
35 0.587302 0.417520 0.109206 0.050057
35 0.745079 0.474972 0.107302 0.064846
35 0.910159 0.467577 0.130159 0.059158
36 0.587619 0.536974 0.070476 0.070535
36 0.739048 0.536405 0.073651 0.051195
36 0.881270 0.533561 0.082540 0.072810
36 0.720952 0.408419 0.062857 0.059158
36 0.237778 0.431741 0.064127 0.058020
36 0.243492 0.497725 0.066667 0.055745
36 0.245397 0.565415 0.074286 0.065984
37 0.746032 0.600683 0.086349 0.056883
37 0.873016 0.609784 0.097778 0.054608
37 0.829841 0.419795 0.064762 0.052332
37 0.595238 0.597838 0.074286 0.037543
37 0.364444 0.573379 0.087619 0.054608
37 0.371111 0.512514 0.083175 0.058020
37 0.368889 0.436291 0.080000 0.044369
