37 0.392063 0.631399 0.075556 0.061433
37 0.398413 0.542662 0.088254 0.059158
37 0.393651 0.478953 0.069841 0.054608
37 0.633651 0.625142 0.067302 0.048919
37 0.748571 0.626849 0.066032 0.061433
37 0.855556 0.620023 0.071746 0.059158
37 0.783810 0.465301 0.055238 0.045506
36 0.843810 0.552901 0.060952 0.054608
36 0.740635 0.559158 0.065397 0.053470
36 0.623492 0.568828 0.057143 0.056883
36 0.712698 0.463026 0.056508 0.052332
36 0.297460 0.472127 0.081905 0.056883
36 0.299365 0.544937 0.076825 0.063709
36 0.302222 0.630262 0.077460 0.081911
35 0.622222 0.468714 0.072381 0.047782
35 0.627619 0.515358 0.075556 0.040956
35 0.730159 0.511377 0.062222 0.037543
35 0.836190 0.505688 0.068571 0.035267
35 0.140317 0.481229 0.102857 0.068259
35 0.154921 0.554039 0.137143 0.065984
35 0.148254 0.629124 0.136508 0.079636
