35 0.183810 0.477816 0.078095 0.047782
35 0.186667 0.526166 0.105397 0.042093
35 0.167302 0.583049 0.116190 0.055745
35 0.595238 0.457338 0.059048 0.036405
35 0.599048 0.492605 0.067937 0.036405
35 0.700635 0.488623 0.066667 0.037543
35 0.810794 0.477247 0.069841 0.035267
36 0.593651 0.534699 0.058413 0.040956
36 0.713651 0.527304 0.069841 0.044369
36 0.823175 0.518203 0.067937 0.039818
36 0.681587 0.453356 0.048889 0.030717
36 0.306349 0.468146 0.060317 0.042093
36 0.304444 0.515358 0.057778 0.040956
36 0.293968 0.576792 0.057143 0.061433
37 0.598730 0.579636 0.055873 0.039818
37 0.719048 0.577929 0.074286 0.050057
37 0.838095 0.573379 0.073651 0.050057
37 0.755556 0.447668 0.048254 0.030717
37 0.389524 0.468146 0.053968 0.032992
37 0.379048 0.520478 0.066032 0.039818
37 0.369206 0.579636 0.071746 0.046644
