35 0.176825 0.497725 0.085714 0.051195
35 0.188571 0.559727 0.088889 0.045506
35 0.187937 0.627418 0.093968 0.071672
35 0.604762 0.446530 0.075556 0.048919
35 0.610476 0.496018 0.081905 0.054608
35 0.731746 0.487486 0.081905 0.053470
35 0.875556 0.457338 0.095238 0.052332
36 0.608254 0.551195 0.068571 0.055745
36 0.745397 0.542093 0.082540 0.053470
36 0.883810 0.519909 0.087619 0.065984
36 0.707937 0.432878 0.062222 0.051195
36 0.293016 0.477816 0.066667 0.054608
36 0.300952 0.544369 0.062222 0.064846
36 0.299048 0.620023 0.059683 0.068259
37 0.611746 0.618316 0.065397 0.051195
37 0.376508 0.622867 0.074921 0.067122
37 0.374286 0.542093 0.070476 0.044369
37 0.379048 0.476109 0.060952 0.046644
37 0.751429 0.610353 0.081905 0.058020
37 0.898413 0.602958 0.086349 0.072810
37 0.800317 0.427759 0.064127 0.038680
