14 0.754603 0.911263 0.066667 0.170648
14 0.647619 0.833902 0.052063 0.109215
14 0.557460 0.834471 0.049524 0.103527
14 0.771429 0.093857 0.053333 0.142207
14 0.380952 0.513083 0.033016 0.111490
14 0.386349 0.343572 0.034921 0.109215
14 0.366667 0.154152 0.036190 0.103527
13 0.760317 0.770762 0.061587 0.089875
13 0.651111 0.707622 0.057778 0.084187
13 0.559048 0.717292 0.050159 0.083049
13 0.702857 0.093288 0.053333 0.100114
13 0.311746 0.176906 0.040635 0.087600
13 0.329841 0.345279 0.040000 0.096701
13 0.327302 0.521615 0.038730 0.083049
12 0.765714 0.614334 0.049524 0.141069
12 0.649841 0.579636 0.042540 0.108077
12 0.552698 0.600114 0.048889 0.110353
12 0.639365 0.109784 0.043175 0.117179
12 0.265714 0.176337 0.037460 0.102389
12 0.273968 0.360068 0.032381 0.108077
12 0.277143 0.524460 0.031111 0.118316
11 0.760952 0.466439 0.057778 0.131968
11 0.643492 0.462457 0.052698 0.101251
11 0.547937 0.475540 0.046984 0.088737
11 0.596825 0.115472 0.043175 0.112628
11 0.205397 0.206485 0.041270 0.092150
11 0.221587 0.381115 0.044444 0.118316
11 0.227619 0.540387 0.047619 0.125142
10 0.744444 0.297497 0.065397 0.158134
10 0.638730 0.320250 0.059683 0.139932
10 0.544762 0.348692 0.044444 0.110353
10 0.540000 0.137088 0.051429 0.124005
10 0.143492 0.221274 0.045714 0.117179
10 0.160317 0.398749 0.046349 0.144482
10 0.173651 0.549488 0.050159 0.134243
