10 0.631746 0.146758 0.053333 0.113766
10 0.612698 0.320250 0.040635 0.119454
10 0.693651 0.293515 0.057778 0.150171
10 0.788571 0.257679 0.059683 0.137656
10 0.253651 0.271331 0.038730 0.094425
10 0.251746 0.403868 0.037460 0.102389
10 0.253016 0.551763 0.042540 0.131968
11 0.689524 0.126280 0.055873 0.097838
11 0.704444 0.441980 0.053968 0.110353
11 0.811429 0.415813 0.066032 0.130830
11 0.613333 0.455631 0.050794 0.110353
11 0.319048 0.364619 0.046349 0.101251
11 0.316825 0.243458 0.041905 0.091013
11 0.320635 0.537543 0.041905 0.110353
12 0.372381 0.222412 0.041270 0.087600
12 0.375873 0.337884 0.036825 0.102389
12 0.375238 0.526166 0.039365 0.117179
12 0.624444 0.594425 0.038730 0.119454
12 0.709524 0.602958 0.048889 0.154721
12 0.826667 0.573379 0.062222 0.152446
12 0.743492 0.108077 0.043175 0.113766
13 0.837460 0.729238 0.059683 0.109215
13 0.713651 0.736633 0.068571 0.110353
13 0.623492 0.721843 0.043175 0.067122
13 0.431111 0.519340 0.050794 0.108077
13 0.428571 0.336177 0.043175 0.087600
13 0.428571 0.206485 0.043175 0.069397
13 0.812381 0.105233 0.064127 0.105802
14 0.835556 0.856655 0.054603 0.131968
14 0.720000 0.858931 0.054603 0.113766
14 0.627302 0.836177 0.053333 0.116041
14 0.485714 0.511945 0.044444 0.134243
14 0.481270 0.334471 0.041905 0.097838
14 0.477778 0.193970 0.037460 0.094425
14 0.878095 0.102389 0.045714 0.111490
