14 0.675238 0.620023 0.079365 0.084187
14 0.519365 0.722981 0.093968 0.083049
14 0.326032 0.731513 0.086984 0.084187
14 0.797460 0.215586 0.090159 0.080774
14 0.340952 0.309443 0.080000 0.084187
14 0.463492 0.405575 0.096508 0.087600
13 0.675238 0.207053 0.092063 0.070535
13 0.466032 0.310011 0.086349 0.073948
13 0.591746 0.405575 0.091429 0.071672
13 0.663810 0.518203 0.088254 0.083049
13 0.546984 0.879977 0.098413 0.073948
13 0.331111 0.814562 0.092063 0.065984
12 0.713016 0.859499 0.059683 0.071672
12 0.524762 0.622298 0.080635 0.093288
12 0.335873 0.631968 0.077460 0.085324
12 0.338095 0.408987 0.094603 0.096701
12 0.806667 0.311149 0.064127 0.083049
12 0.459365 0.195677 0.080635 0.084187
11 0.576190 0.204778 0.092063 0.093288
11 0.686032 0.312856 0.081905 0.084187
11 0.813651 0.403299 0.073016 0.080774
11 0.708254 0.783276 0.078095 0.064846
11 0.520635 0.525028 0.071111 0.083049
11 0.342540 0.905006 0.095873 0.073948
10 0.686349 0.705916 0.073651 0.073948
10 0.523492 0.804323 0.093333 0.070535
10 0.332063 0.531854 0.072381 0.092150
10 0.339683 0.187713 0.087619 0.093288
10 0.592063 0.308305 0.074286 0.072810
10 0.709206 0.393629 0.074921 0.079636
