10 0.590159 0.130262 0.052698 0.128555
10 0.593651 0.338453 0.046984 0.110353
10 0.685714 0.328783 0.055873 0.143345
10 0.779683 0.320819 0.050794 0.163823
10 0.128889 0.126849 0.049524 0.135381
10 0.141587 0.328783 0.060952 0.172924
10 0.158413 0.511377 0.061587 0.158134
11 0.646032 0.122867 0.041270 0.104664
11 0.597460 0.469283 0.045714 0.098976
11 0.691429 0.461320 0.046984 0.101251
11 0.793016 0.476109 0.053333 0.124005
11 0.228254 0.504551 0.050159 0.146758
11 0.224127 0.322526 0.049524 0.133106
11 0.209524 0.121729 0.039365 0.111490
12 0.691746 0.130262 0.037460 0.121729
12 0.597778 0.591581 0.037460 0.118316
12 0.693333 0.580774 0.041905 0.098976
12 0.792063 0.633106 0.046349 0.144482
12 0.289524 0.319113 0.043175 0.128555
12 0.289524 0.501138 0.036825 0.137656
12 0.285079 0.114334 0.038095 0.114903
13 0.750159 0.127418 0.050159 0.102389
13 0.784444 0.768487 0.053968 0.094425
13 0.687937 0.707622 0.052698 0.088737
13 0.598095 0.715017 0.049524 0.087600
13 0.358730 0.304892 0.058413 0.122867
13 0.339683 0.117179 0.050794 0.106940
13 0.353016 0.496587 0.052063 0.108077
14 0.811429 0.138794 0.046984 0.138794
14 0.406667 0.118316 0.043810 0.111490
14 0.421270 0.316837 0.043810 0.114903
14 0.412698 0.497156 0.039365 0.118316
14 0.598095 0.831058 0.038095 0.087600
14 0.682222 0.825370 0.043810 0.094425
14 0.775873 0.903299 0.046984 0.152446
