10 0.621905 0.128555 0.060317 0.091013
10 0.614921 0.278726 0.050159 0.116041
10 0.698730 0.265074 0.064127 0.127418
10 0.794603 0.251422 0.061587 0.109215
10 0.160000 0.470990 0.059683 0.150171
10 0.173016 0.311149 0.046349 0.112628
10 0.179683 0.179181 0.043175 0.092150
11 0.621270 0.411832 0.048889 0.102389
11 0.713968 0.406712 0.056508 0.101251
11 0.820000 0.385097 0.060317 0.121729
11 0.680952 0.122298 0.046349 0.089875
11 0.264127 0.284983 0.052063 0.108077
11 0.252381 0.466439 0.056508 0.109215
11 0.260635 0.161547 0.041270 0.086462
12 0.633968 0.553470 0.055238 0.133106
12 0.845397 0.542662 0.059048 0.134243
12 0.728889 0.560865 0.053333 0.150171
12 0.733651 0.120023 0.040000 0.083049
12 0.337778 0.265643 0.043175 0.094425
12 0.331746 0.459613 0.048889 0.122867
12 0.336825 0.154152 0.041270 0.085324
13 0.866984 0.696246 0.059048 0.116041
13 0.743810 0.704209 0.070476 0.102389
13 0.636825 0.678612 0.045714 0.083049
13 0.796825 0.123436 0.048254 0.078498
13 0.401270 0.147327 0.049524 0.058020
13 0.404444 0.270193 0.048254 0.085324
13 0.404444 0.453925 0.066032 0.111490
14 0.875556 0.828214 0.062222 0.134243
14 0.758413 0.835040 0.067937 0.129693
14 0.645079 0.808305 0.059683 0.135381
14 0.466349 0.449374 0.048889 0.136519
14 0.460635 0.278157 0.051429 0.094425
14 0.459365 0.149602 0.048889 0.085324
14 0.857778 0.136519 0.045714 0.093288
