14 0.783810 0.889647 0.047619 0.104664
14 0.705714 0.906712 0.041270 0.113766
14 0.629841 0.881115 0.057143 0.114903
14 0.776508 0.256542 0.040635 0.094425
14 0.480317 0.531286 0.046349 0.145620
14 0.469841 0.336746 0.059683 0.111490
14 0.456508 0.188851 0.043175 0.102389
13 0.773651 0.779295 0.042540 0.095563
13 0.697143 0.781570 0.046984 0.095563
13 0.616508 0.770193 0.048254 0.075085
13 0.730476 0.230944 0.040000 0.088737
13 0.424444 0.532992 0.061587 0.124005
13 0.411111 0.316837 0.047619 0.108077
13 0.400952 0.169511 0.052698 0.093288
12 0.763175 0.641069 0.046984 0.114903
12 0.686349 0.655859 0.041905 0.146758
12 0.620317 0.644482 0.036825 0.114903
12 0.686032 0.217292 0.034921 0.088737
12 0.344127 0.302617 0.043175 0.141069
12 0.353333 0.538680 0.052698 0.153584
12 0.333016 0.162116 0.046349 0.110353
11 0.645714 0.206485 0.043175 0.108077
11 0.609524 0.509101 0.035556 0.103527
11 0.676190 0.504551 0.050794 0.110353
11 0.747937 0.509101 0.041905 0.117179
11 0.276508 0.534130 0.070476 0.139932
11 0.268254 0.312856 0.064127 0.129693
11 0.251746 0.154721 0.059048 0.104664
10 0.599683 0.203641 0.048889 0.109215
10 0.601587 0.359499 0.041270 0.129693
10 0.661905 0.369738 0.047619 0.136519
10 0.728254 0.364619 0.049524 0.108077
10 0.166667 0.328783 0.062857 0.152446
10 0.169524 0.544937 0.074921 0.182025
10 0.158730 0.140501 0.058413 0.139932
