10 0.260635 0.149602 0.081905 0.094425
10 0.517143 0.252560 0.066667 0.075085
10 0.643492 0.335040 0.081905 0.092150
10 0.616825 0.648464 0.073016 0.070535
10 0.457143 0.731513 0.086349 0.056883
10 0.270476 0.485779 0.072381 0.077361
11 0.759365 0.335040 0.085079 0.080774
11 0.615873 0.246871 0.080000 0.075085
11 0.499048 0.147895 0.091429 0.084187
11 0.455873 0.468146 0.071111 0.092150
11 0.635238 0.719568 0.084444 0.058020
11 0.286667 0.817975 0.100952 0.065984
12 0.634921 0.790102 0.060952 0.069397
12 0.459683 0.565984 0.086349 0.080774
12 0.275238 0.575085 0.070476 0.083049
12 0.755238 0.242890 0.078095 0.089875
12 0.264444 0.362912 0.097143 0.095563
12 0.381587 0.150739 0.086349 0.092150
13 0.613333 0.141069 0.097778 0.088737
13 0.396508 0.260523 0.086984 0.070535
13 0.518413 0.349829 0.093333 0.071672
13 0.599365 0.464164 0.086349 0.079636
13 0.471429 0.800341 0.102222 0.067122
13 0.275238 0.737770 0.085714 0.064846
14 0.604444 0.560296 0.073651 0.089875
14 0.451429 0.659841 0.091429 0.088737
14 0.273333 0.666667 0.079365 0.075085
14 0.392698 0.353242 0.085714 0.085324
14 0.267302 0.264505 0.081270 0.080774
14 0.744127 0.142207 0.097778 0.088737
