10 0.285079 0.481229 0.071111 0.079636
10 0.453651 0.751422 0.095873 0.069397
10 0.658730 0.654152 0.085714 0.081911
11 0.680635 0.741183 0.088889 0.069397
11 0.480635 0.475540 0.072381 0.072810
11 0.221905 0.860068 0.097143 0.084187
11 0.798413 0.354380 0.080635 0.067122
11 0.654921 0.286689 0.093333 0.065984
11 0.560952 0.220705 0.081905 0.065984
10 0.683175 0.360068 0.080000 0.071672
10 0.565714 0.295791 0.062222 0.056883
10 0.343810 0.214448 0.069206 0.069397
12 0.791111 0.283276 0.071111 0.068259
12 0.318413 0.378840 0.094603 0.075085
12 0.453651 0.216724 0.071746 0.055745
12 0.478730 0.562571 0.087619 0.083049
12 0.279365 0.571104 0.083810 0.075085
12 0.682540 0.829920 0.076190 0.087600
13 0.637778 0.461889 0.106032 0.070535
13 0.565397 0.368032 0.098413 0.062571
13 0.652063 0.215017 0.073651 0.059158
13 0.449841 0.295222 0.080635 0.048919
13 0.472698 0.835609 0.130159 0.073948
13 0.231746 0.755404 0.104127 0.059158
14 0.643492 0.560296 0.085714 0.087600
14 0.459365 0.664960 0.100952 0.092150
14 0.252063 0.668373 0.093968 0.085324
14 0.333968 0.299772 0.077460 0.062571
14 0.442222 0.369738 0.083175 0.068259
14 0.774921 0.213879 0.089524 0.061433
