14 0.767619 0.879408 0.049524 0.118316
14 0.660635 0.887941 0.047619 0.124005
14 0.568254 0.867463 0.057143 0.112628
14 0.805079 0.130262 0.048254 0.112628
14 0.412063 0.513083 0.045714 0.147895
14 0.402857 0.314562 0.051429 0.117179
14 0.397460 0.156997 0.050794 0.116041
13 0.771746 0.759954 0.056508 0.104664
13 0.658730 0.758248 0.056508 0.092150
13 0.562540 0.748009 0.054603 0.076223
13 0.346349 0.518203 0.065397 0.121729
13 0.342540 0.303754 0.045079 0.122867
13 0.337778 0.149033 0.050794 0.097838
13 0.746032 0.121729 0.064762 0.102389
12 0.761587 0.605802 0.060317 0.146758
12 0.652063 0.622867 0.049524 0.158134
12 0.566984 0.621160 0.048254 0.120592
12 0.679048 0.114903 0.040000 0.106940
12 0.268889 0.155290 0.051429 0.112628
12 0.273651 0.299204 0.053333 0.116041
12 0.277143 0.530717 0.052698 0.139932
11 0.741905 0.440842 0.057778 0.130830
11 0.644127 0.460182 0.052698 0.110353
11 0.553333 0.470990 0.050159 0.116041
11 0.628571 0.113197 0.052063 0.114903
11 0.190476 0.171217 0.046984 0.112628
11 0.201270 0.321388 0.050794 0.124005
11 0.203492 0.540387 0.052698 0.127418
10 0.733333 0.275882 0.050794 0.130830
10 0.635556 0.302048 0.060952 0.149033
10 0.553968 0.310011 0.043810 0.137656
10 0.566984 0.123436 0.057143 0.135381
10 0.108571 0.187144 0.050794 0.126280
10 0.114603 0.356655 0.046349 0.151308
10 0.112381 0.546644 0.058413 0.169511
