14 0.766984 0.910694 0.055873 0.167235
14 0.658413 0.814562 0.038095 0.109215
14 0.566984 0.811149 0.049524 0.104664
14 0.768571 0.186007 0.050159 0.108077
14 0.388254 0.485779 0.040000 0.095563
14 0.407619 0.332765 0.035556 0.105802
14 0.399683 0.175768 0.037460 0.076223
13 0.768889 0.758248 0.058413 0.108077
13 0.655238 0.690557 0.052063 0.095563
13 0.564762 0.691695 0.059048 0.095563
13 0.710476 0.186576 0.044444 0.081911
13 0.344127 0.179181 0.041905 0.078498
13 0.346984 0.323663 0.048889 0.108077
13 0.331429 0.483504 0.048254 0.084187
12 0.774603 0.617179 0.048254 0.126280
12 0.664127 0.563140 0.039365 0.095563
12 0.564444 0.576223 0.035556 0.108077
12 0.656190 0.182594 0.033651 0.085324
12 0.276825 0.482366 0.034286 0.106940
12 0.282857 0.331627 0.037460 0.101251
12 0.295556 0.176337 0.034921 0.072810
11 0.767302 0.477816 0.057778 0.111490
11 0.661270 0.465870 0.046349 0.080774
11 0.570794 0.465870 0.035556 0.076223
11 0.614921 0.184300 0.041270 0.091013
11 0.227619 0.182594 0.033651 0.076223
11 0.225397 0.339022 0.040635 0.104664
11 0.210159 0.493174 0.043175 0.117179
10 0.748254 0.343003 0.059048 0.124005
10 0.656190 0.347554 0.055238 0.119454
10 0.562857 0.363481 0.051429 0.101251
10 0.567302 0.183163 0.047619 0.111490
10 0.161587 0.192264 0.036190 0.104664
10 0.153016 0.351536 0.046984 0.134243
10 0.151429 0.492036 0.045079 0.121729
