10 0.616825 0.162685 0.052698 0.129693
10 0.620317 0.369170 0.046984 0.108077
10 0.707937 0.356086 0.057143 0.127418
10 0.798413 0.341866 0.043810 0.144482
10 0.141905 0.160410 0.057778 0.147895
10 0.161587 0.382253 0.066667 0.177474
10 0.183492 0.576223 0.060952 0.164960
11 0.228571 0.155290 0.055873 0.098976
11 0.249206 0.368601 0.060317 0.143345
11 0.258095 0.567691 0.057778 0.150171
11 0.669524 0.158703 0.042540 0.101251
11 0.631746 0.495449 0.048254 0.094425
11 0.719683 0.481797 0.051429 0.103527
11 0.811429 0.490330 0.058413 0.120592
12 0.710794 0.158703 0.034921 0.114903
12 0.636825 0.620592 0.044444 0.101251
12 0.725079 0.599545 0.043175 0.091013
12 0.820635 0.634812 0.046349 0.129693
12 0.323492 0.542093 0.036190 0.144482
12 0.314921 0.354380 0.040635 0.119454
12 0.311746 0.149602 0.041905 0.117179
13 0.365714 0.153584 0.052063 0.100114
13 0.387937 0.346416 0.058413 0.117179
13 0.387302 0.535836 0.050794 0.111490
13 0.759365 0.160978 0.045714 0.092150
13 0.638730 0.737770 0.054603 0.096701
13 0.724127 0.724118 0.045079 0.085324
13 0.816190 0.767918 0.046349 0.093288
14 0.817460 0.171786 0.045079 0.131968
14 0.813333 0.904437 0.053333 0.152446
14 0.722857 0.842435 0.040000 0.078498
14 0.644762 0.858931 0.034921 0.093288
14 0.450794 0.536405 0.049524 0.108077
14 0.453333 0.351536 0.053333 0.120592
14 0.431746 0.153015 0.048254 0.114903
