10 0.731111 0.281001 0.053968 0.131968
10 0.636825 0.304892 0.060952 0.141069
10 0.553651 0.323094 0.049524 0.129693
10 0.567937 0.130830 0.051429 0.127418
10 0.113968 0.200228 0.046349 0.122867
10 0.116825 0.366325 0.050794 0.134243
10 0.115873 0.557452 0.056508 0.161547
11 0.555556 0.475540 0.049524 0.116041
11 0.641905 0.461320 0.052063 0.117179
11 0.738730 0.450512 0.060317 0.131968
11 0.627302 0.127986 0.045714 0.114903
11 0.206667 0.542662 0.060317 0.127418
11 0.206032 0.337315 0.060317 0.112628
11 0.194603 0.181456 0.048889 0.112628
12 0.678095 0.124005 0.035556 0.097838
12 0.562222 0.618316 0.048889 0.126280
12 0.651746 0.623436 0.041270 0.166098
12 0.756508 0.610353 0.060317 0.124005
12 0.280952 0.526735 0.047619 0.138794
12 0.276825 0.307736 0.045714 0.128555
12 0.269524 0.165529 0.042540 0.114903
13 0.745079 0.128555 0.053968 0.091013
13 0.765714 0.755973 0.052063 0.110353
13 0.661587 0.759954 0.064762 0.093288
13 0.560635 0.748009 0.059683 0.083049
13 0.350794 0.522753 0.062857 0.121729
13 0.344762 0.310580 0.053333 0.086462
13 0.339683 0.158703 0.045714 0.085324
14 0.805714 0.142207 0.041905 0.111490
14 0.770476 0.874289 0.047619 0.119454
14 0.665397 0.890216 0.052063 0.112628
14 0.570159 0.868601 0.055873 0.112628
14 0.411111 0.515927 0.043810 0.144482
14 0.404762 0.317975 0.048889 0.114903
14 0.398730 0.163823 0.052063 0.113766
