14 0.782857 0.908419 0.053333 0.142207
14 0.687619 0.831058 0.036825 0.096701
14 0.604127 0.839022 0.042540 0.094425
14 0.814921 0.156428 0.042540 0.137656
14 0.426667 0.515927 0.041905 0.105802
14 0.435873 0.335040 0.038730 0.112628
14 0.419683 0.137088 0.044444 0.108077
13 0.786667 0.773038 0.052063 0.094425
13 0.690476 0.715586 0.042540 0.084187
13 0.606667 0.728100 0.051429 0.086462
13 0.755238 0.152446 0.045079 0.088737
13 0.365079 0.326507 0.058413 0.104664
13 0.365079 0.512514 0.048254 0.096701
13 0.352381 0.142207 0.046984 0.086462
12 0.800635 0.639363 0.046984 0.118316
12 0.695238 0.589875 0.041905 0.103527
12 0.606984 0.608077 0.040635 0.110353
12 0.700317 0.149033 0.035556 0.116041
12 0.301270 0.333333 0.041270 0.127418
12 0.305714 0.513652 0.032381 0.128555
12 0.300952 0.140501 0.036825 0.108077
11 0.796825 0.493174 0.048254 0.126280
11 0.696190 0.480660 0.050159 0.092150
11 0.606349 0.485779 0.044444 0.097838
11 0.652698 0.143345 0.039365 0.113766
11 0.238730 0.341866 0.053333 0.135381
11 0.245079 0.521615 0.050794 0.137656
11 0.227937 0.147327 0.041905 0.101251
10 0.792063 0.336746 0.059048 0.154721
10 0.690159 0.343572 0.054603 0.138794
10 0.599048 0.360637 0.045079 0.111490
10 0.603175 0.156428 0.052063 0.124005
10 0.151111 0.156428 0.045714 0.126280
10 0.162540 0.349261 0.054603 0.161547
10 0.178413 0.527873 0.055873 0.152446
