10 0.340317 0.209329 0.067302 0.086462
10 0.541587 0.295222 0.063492 0.062571
10 0.649524 0.366325 0.072381 0.079636
10 0.328254 0.498294 0.059683 0.075085
10 0.465714 0.721843 0.066667 0.062571
10 0.607937 0.647895 0.066667 0.073948
11 0.751111 0.356086 0.060952 0.063709
11 0.627302 0.288396 0.072381 0.064846
11 0.530159 0.202503 0.076190 0.081911
11 0.472698 0.482366 0.057778 0.075085
11 0.622857 0.717861 0.066032 0.052332
11 0.315238 0.789534 0.064127 0.068259
12 0.618095 0.783845 0.060317 0.063709
12 0.478413 0.567691 0.065397 0.070535
12 0.325397 0.576792 0.052698 0.070535
12 0.334603 0.394767 0.073651 0.072810
12 0.435873 0.205916 0.065397 0.077361
12 0.753333 0.278157 0.066667 0.078498
13 0.630476 0.189420 0.085079 0.069397
13 0.540000 0.381684 0.079365 0.073948
13 0.441905 0.302617 0.068571 0.072810
13 0.603175 0.485210 0.091429 0.073948
13 0.317143 0.720137 0.066667 0.047782
13 0.473333 0.785552 0.086984 0.060296
14 0.604127 0.571104 0.067937 0.075085
14 0.460317 0.656997 0.080000 0.071672
14 0.318730 0.652446 0.058413 0.067122
14 0.340635 0.308874 0.066667 0.069397
14 0.434603 0.383390 0.065397 0.072810
14 0.742540 0.183732 0.080635 0.073948
