14 0.443492 0.654152 0.092063 0.079636
14 0.599683 0.557452 0.079365 0.086462
14 0.265397 0.662685 0.085079 0.073948
14 0.381270 0.344141 0.095873 0.092150
14 0.251111 0.248578 0.080635 0.080774
14 0.731111 0.134812 0.095873 0.083049
13 0.511111 0.340728 0.096508 0.078498
13 0.383492 0.246303 0.083810 0.069397
13 0.603810 0.127418 0.095238 0.070535
13 0.593016 0.453925 0.099048 0.075085
13 0.466984 0.800341 0.100952 0.067122
13 0.267619 0.739477 0.081905 0.063709
12 0.637143 0.794653 0.067937 0.071672
12 0.450476 0.560865 0.084444 0.081911
12 0.265714 0.571104 0.066667 0.075085
12 0.746984 0.231513 0.078095 0.076223
12 0.258730 0.353242 0.106032 0.096701
12 0.369206 0.137088 0.085714 0.085324
11 0.609841 0.240046 0.080635 0.086462
11 0.751111 0.325939 0.078730 0.078498
11 0.492381 0.134243 0.088254 0.102389
11 0.442222 0.460751 0.071746 0.104664
11 0.631111 0.720137 0.083810 0.056883
11 0.276508 0.807167 0.085714 0.058020
10 0.614921 0.644482 0.076825 0.080774
10 0.448254 0.729807 0.076190 0.060296
10 0.259365 0.478385 0.078095 0.073948
10 0.507302 0.242321 0.077460 0.077361
10 0.635238 0.328214 0.089524 0.080774
10 0.248571 0.135381 0.083175 0.093288
