29 0.458413 0.419226 0.071111 0.042093
29 0.475873 0.473265 0.066667 0.050057
29 0.488571 0.555745 0.062857 0.062571
29 0.617143 0.605233 0.081270 0.052332
29 0.723492 0.604096 0.080635 0.063709
29 0.852381 0.624573 0.102222 0.072810
29 0.922857 0.376564 0.076825 0.061433
28 0.863492 0.562571 0.118095 0.037543
28 0.723175 0.564278 0.083810 0.036405
28 0.610159 0.567691 0.074921 0.029579
28 0.842857 0.379977 0.079365 0.047782
28 0.398095 0.423777 0.053333 0.030717
28 0.411111 0.480091 0.062857 0.043231
28 0.411111 0.560296 0.069206 0.055745
27 0.724762 0.514790 0.084444 0.048919
27 0.860635 0.511945 0.109841 0.050057
27 0.761270 0.386803 0.080000 0.040956
27 0.607937 0.525597 0.067937 0.038680
27 0.341270 0.558589 0.067937 0.061433
27 0.345714 0.486348 0.060317 0.048919
27 0.340317 0.430034 0.064762 0.047782
26 0.864444 0.468146 0.104762 0.037543
26 0.722857 0.476109 0.079365 0.035267
26 0.613333 0.485779 0.074921 0.031854
26 0.683175 0.394767 0.074921 0.043231
26 0.279683 0.483504 0.059048 0.036405
26 0.273968 0.436291 0.059048 0.039818
26 0.268254 0.563709 0.071746 0.060296
25 0.606032 0.398749 0.073016 0.046644
25 0.608889 0.448237 0.058413 0.040956
25 0.716190 0.437998 0.085079 0.038680
25 0.853016 0.428896 0.099683 0.034130
25 0.208571 0.441411 0.066667 0.047782
25 0.207937 0.501138 0.075556 0.053470
25 0.191429 0.568828 0.073016 0.054608
