29 0.503175 0.420933 0.075556 0.038680
29 0.520952 0.468714 0.079365 0.050057
29 0.532381 0.550626 0.080635 0.065984
29 0.795238 0.591013 0.097143 0.046644
29 0.679365 0.596701 0.081270 0.044369
29 0.940635 0.601251 0.100952 0.046644
29 0.963492 0.418089 0.065397 0.037543
28 0.936825 0.552901 0.107302 0.034130
28 0.796190 0.551195 0.101587 0.035267
28 0.670794 0.555176 0.079365 0.031854
28 0.888254 0.411263 0.077460 0.037543
28 0.432698 0.423777 0.065397 0.037543
28 0.441587 0.477816 0.064127 0.045506
28 0.440317 0.544937 0.086984 0.050057
27 0.791746 0.513652 0.100317 0.042093
27 0.933651 0.515358 0.102222 0.036405
27 0.668571 0.516496 0.071111 0.036405
27 0.814286 0.412969 0.075556 0.040956
27 0.358730 0.422071 0.077460 0.043231
27 0.360000 0.476678 0.074921 0.043231
27 0.354921 0.552332 0.087619 0.058020
26 0.665079 0.488623 0.069206 0.028441
26 0.779683 0.482366 0.081270 0.025028
26 0.919365 0.482366 0.093968 0.031854
26 0.279048 0.425484 0.076825 0.038680
26 0.276825 0.474403 0.076190 0.038680
26 0.257778 0.550057 0.086349 0.048919
25 0.662857 0.413538 0.073651 0.039818
25 0.669206 0.459613 0.067302 0.034130
25 0.775873 0.451650 0.090159 0.027304
25 0.906032 0.448805 0.100317 0.030717
25 0.190794 0.425484 0.089524 0.050057
25 0.185714 0.485779 0.100952 0.052332
25 0.148889 0.549488 0.085714 0.065984
26 0.736825 0.413538 0.070476 0.030717
