25 0.158413 0.441980 0.071746 0.058020
25 0.153016 0.510239 0.086349 0.053470
25 0.155873 0.571672 0.090794 0.055745
25 0.626984 0.416382 0.074286 0.050057
25 0.629206 0.465301 0.074921 0.054608
25 0.739365 0.464733 0.076825 0.048919
25 0.879683 0.455063 0.094603 0.054608
26 0.230476 0.441411 0.066032 0.045506
26 0.240317 0.500000 0.079365 0.046644
26 0.246032 0.568259 0.081905 0.046644
26 0.700317 0.407850 0.067302 0.055745
26 0.740952 0.512514 0.081270 0.039818
26 0.620635 0.504551 0.078095 0.035267
26 0.882222 0.503982 0.106032 0.040956
27 0.310476 0.431172 0.069841 0.056883
27 0.312063 0.496018 0.052698 0.050057
27 0.328254 0.567691 0.071111 0.050057
27 0.779048 0.407281 0.085079 0.050057
27 0.622857 0.539818 0.076190 0.044369
27 0.747937 0.545506 0.095238 0.044369
27 0.889206 0.552901 0.100952 0.052332
28 0.387302 0.426052 0.080000 0.051195
28 0.407619 0.488623 0.091429 0.060296
28 0.415873 0.548919 0.088889 0.048919
28 0.859048 0.399886 0.078730 0.039818
28 0.624127 0.582480 0.090159 0.047782
28 0.737460 0.587600 0.093333 0.039818
28 0.898413 0.595563 0.119365 0.051195
29 0.947619 0.399317 0.071746 0.056883
29 0.893016 0.638794 0.092063 0.058020
29 0.732698 0.631968 0.090159 0.058020
29 0.619365 0.630830 0.081905 0.060296
29 0.458730 0.424915 0.059048 0.044369
29 0.494921 0.489192 0.080635 0.052332
29 0.509524 0.546644 0.086984 0.051195
