27 0.286984 0.389647 0.087619 0.058020
27 0.303492 0.459044 0.073651 0.060296
27 0.308889 0.543800 0.086984 0.077361
27 0.791746 0.377133 0.068571 0.053470
27 0.756508 0.507964 0.090794 0.064846
27 0.901587 0.507964 0.099048 0.053470
27 0.623492 0.510808 0.081270 0.047782
28 0.898730 0.555745 0.120000 0.053470
28 0.761905 0.556883 0.099048 0.032992
28 0.630794 0.552901 0.084444 0.036405
28 0.876508 0.375995 0.079365 0.044369
28 0.368571 0.389078 0.066667 0.054608
28 0.389524 0.447668 0.084444 0.042093
28 0.401587 0.547782 0.095873 0.060296
29 0.893016 0.609784 0.084444 0.050057
29 0.763810 0.604664 0.106667 0.055745
29 0.639048 0.596701 0.090794 0.046644
29 0.956508 0.383959 0.071746 0.048919
29 0.450476 0.391354 0.080635 0.040956
29 0.473651 0.448805 0.083810 0.055745
29 0.490159 0.535836 0.082540 0.070535
26 0.629206 0.472127 0.078730 0.031854
26 0.745714 0.463595 0.088254 0.030717
26 0.897460 0.464164 0.099683 0.031854
26 0.197143 0.398749 0.085714 0.055745
26 0.208254 0.461320 0.082540 0.051195
26 0.203810 0.547213 0.091429 0.068259
26 0.707619 0.375995 0.076825 0.042093
25 0.628254 0.436860 0.061587 0.043231
25 0.747619 0.430034 0.092063 0.043231
25 0.883492 0.422071 0.106032 0.047782
25 0.629524 0.379977 0.085714 0.038680
25 0.103810 0.401024 0.095873 0.051195
25 0.109841 0.465870 0.105397 0.058020
25 0.098730 0.556883 0.098413 0.076223
