25 0.132063 0.414107 0.111746 0.077361
25 0.138730 0.500569 0.122540 0.065984
25 0.129841 0.591581 0.131429 0.084187
25 0.657143 0.415245 0.082540 0.061433
25 0.666984 0.471559 0.062857 0.039818
25 0.767619 0.468714 0.077460 0.040956
25 0.877460 0.465870 0.080000 0.039818
26 0.672381 0.508532 0.068571 0.027304
26 0.774921 0.501706 0.069206 0.029579
26 0.892063 0.504551 0.080000 0.030717
26 0.726984 0.422071 0.060952 0.038680
26 0.237143 0.418089 0.095873 0.067122
26 0.248889 0.485779 0.092698 0.050057
26 0.257460 0.586462 0.108571 0.085324
27 0.797778 0.542662 0.076825 0.050057
27 0.799048 0.428896 0.060317 0.040956
27 0.914286 0.542662 0.077460 0.050057
27 0.680635 0.546075 0.068571 0.043231
27 0.334921 0.424346 0.090794 0.065984
27 0.347302 0.489761 0.093968 0.060296
27 0.374603 0.589875 0.093968 0.071672
28 0.803175 0.583049 0.083810 0.037543
28 0.924762 0.585893 0.088254 0.047782
28 0.862857 0.431172 0.066032 0.034130
28 0.420317 0.419226 0.069841 0.042093
28 0.438413 0.483504 0.081905 0.052332
28 0.466667 0.583049 0.083810 0.071672
29 0.703810 0.630262 0.071746 0.054608
29 0.816508 0.631968 0.091429 0.051195
28 0.696508 0.584755 0.074921 0.034130
29 0.927302 0.639363 0.081905 0.059158
29 0.921905 0.435154 0.066032 0.046644
29 0.495873 0.425484 0.074921 0.045506
29 0.525714 0.484073 0.086349 0.060296
29 0.553016 0.571672 0.076190 0.080774
