25 0.414286 0.353811 0.065397 0.050057
25 0.498095 0.440842 0.070476 0.046644
25 0.569206 0.389078 0.081905 0.050057
25 0.419048 0.498862 0.069841 0.044369
25 0.539365 0.482935 0.086984 0.044369
25 0.691746 0.618885 0.084444 0.061433
26 0.674921 0.473265 0.099048 0.052332
26 0.413651 0.405575 0.069206 0.039818
26 0.724762 0.325939 0.090794 0.051195
26 0.417778 0.543800 0.072381 0.043231
26 0.546984 0.676337 0.089524 0.058020
26 0.573333 0.434585 0.069841 0.040956
27 0.409524 0.588737 0.069841 0.042093
27 0.547937 0.529579 0.076190 0.055745
27 0.694286 0.524460 0.116190 0.052332
27 0.482540 0.346416 0.063492 0.048919
27 0.489524 0.398180 0.073651 0.036405
27 0.418730 0.449374 0.076825 0.043231
28 0.559683 0.337315 0.075556 0.039818
28 0.548571 0.579067 0.081270 0.036405
28 0.693968 0.567122 0.118095 0.037543
28 0.412063 0.628555 0.080000 0.037543
29 0.414286 0.672924 0.083175 0.055745
29 0.548254 0.617747 0.090794 0.050057
29 0.696508 0.667804 0.088889 0.056883
29 0.763492 0.419226 0.083175 0.051195
29 0.655873 0.386803 0.088889 0.050057
29 0.639365 0.329352 0.073651 0.046644
28 0.666032 0.432878 0.083810 0.037543
28 0.744762 0.372014 0.091429 0.043231
