26 0.296190 0.331627 0.113651 0.060296
26 0.520952 0.394767 0.090794 0.052332
26 0.725714 0.264505 0.111746 0.067122
26 0.646667 0.440273 0.121270 0.059158
26 0.309841 0.520478 0.102857 0.044369
26 0.490159 0.680887 0.096508 0.062571
25 0.476190 0.450512 0.110476 0.063709
25 0.311746 0.459044 0.104127 0.058020
25 0.418095 0.395904 0.094603 0.043231
25 0.516508 0.336746 0.097143 0.070535
25 0.296825 0.274744 0.089524 0.055745
25 0.667937 0.611490 0.111746 0.058020
29 0.673333 0.678612 0.104762 0.058020
29 0.492381 0.617747 0.112381 0.061433
29 0.309841 0.678043 0.105397 0.056883
29 0.631429 0.335609 0.088254 0.068259
29 0.613968 0.266212 0.095238 0.077361
28 0.312698 0.627986 0.106032 0.050057
28 0.489841 0.564278 0.108571 0.045506
28 0.667619 0.555745 0.133968 0.060296
28 0.642222 0.393060 0.114921 0.048919
28 0.736190 0.326507 0.104762 0.054608
28 0.506667 0.265074 0.105397 0.065984
27 0.666349 0.506257 0.137778 0.063709
27 0.487619 0.507964 0.090159 0.048919
27 0.310159 0.570535 0.099683 0.055745
27 0.394603 0.276451 0.088254 0.061433
27 0.406032 0.337884 0.094603 0.056883
27 0.301905 0.396473 0.102222 0.051195
29 0.757778 0.393060 0.090794 0.064846
