28 0.800000 0.448805 0.081270 0.042093
28 0.688889 0.592719 0.092698 0.038680
28 0.862540 0.606371 0.132698 0.034130
28 0.567937 0.593288 0.093333 0.030717
28 0.354921 0.565984 0.081270 0.051195
28 0.360000 0.511945 0.078730 0.052332
28 0.347937 0.460182 0.072381 0.042093
25 0.578095 0.455063 0.065397 0.045506
25 0.578730 0.495449 0.069206 0.042093
25 0.691429 0.494881 0.082540 0.045506
25 0.818095 0.490330 0.097143 0.043231
25 0.119048 0.469852 0.074286 0.038680
25 0.088571 0.518203 0.097143 0.042093
25 0.068889 0.572810 0.099683 0.058020
26 0.655556 0.451081 0.065397 0.039818
26 0.689524 0.531854 0.086349 0.030717
26 0.831746 0.530717 0.106667 0.032992
26 0.569841 0.525597 0.078095 0.027304
26 0.193651 0.467577 0.062222 0.038680
26 0.184127 0.518203 0.081270 0.044369
26 0.170159 0.567691 0.093968 0.036405
29 0.878413 0.446530 0.067937 0.053470
29 0.864444 0.650739 0.116190 0.052332
29 0.685714 0.639932 0.106667 0.046644
29 0.564762 0.636519 0.086984 0.051195
29 0.423492 0.455631 0.069841 0.039818
29 0.447302 0.510808 0.081905 0.045506
29 0.447302 0.560296 0.088254 0.053470
27 0.722857 0.446530 0.081905 0.042093
27 0.693651 0.564846 0.092063 0.037543
27 0.843175 0.567691 0.120635 0.038680
27 0.578730 0.561433 0.090794 0.037543
27 0.267937 0.461889 0.078730 0.054608
27 0.266667 0.513652 0.080000 0.046644
27 0.258413 0.568828 0.077460 0.043231
