29 0.704444 0.683163 0.075556 0.053470
29 0.559683 0.635381 0.084444 0.048919
29 0.417460 0.691695 0.084444 0.061433
29 0.721905 0.452787 0.063492 0.047782
29 0.628889 0.418658 0.074286 0.040956
29 0.611746 0.369170 0.064127 0.046644
28 0.693651 0.581342 0.104762 0.040956
28 0.551429 0.585324 0.084444 0.039818
28 0.415238 0.643914 0.086349 0.027304
28 0.639683 0.463026 0.078095 0.043231
28 0.705397 0.412400 0.073651 0.042093
28 0.531429 0.365188 0.072381 0.045506
27 0.406667 0.600683 0.089524 0.043231
27 0.542222 0.549488 0.081270 0.040956
27 0.672698 0.539249 0.089524 0.038680
27 0.449206 0.364050 0.078095 0.045506
27 0.457778 0.414107 0.073651 0.040956
27 0.386032 0.456769 0.077460 0.037543
26 0.699683 0.366325 0.080000 0.043231
26 0.652698 0.500569 0.091429 0.031854
26 0.554603 0.459613 0.069206 0.036405
26 0.402222 0.558020 0.079365 0.051195
26 0.374921 0.414107 0.088254 0.043231
25 0.526032 0.502844 0.081905 0.045506
25 0.475873 0.456769 0.084444 0.039818
25 0.402222 0.510808 0.090794 0.045506
25 0.371111 0.360068 0.065397 0.051195
25 0.544444 0.422639 0.078095 0.044369
26 0.568254 0.685438 0.081270 0.044369
25 0.689841 0.630262 0.085714 0.047782
