25 0.120952 0.455631 0.069206 0.048919
25 0.113651 0.526166 0.091429 0.062571
25 0.109524 0.584187 0.089524 0.044369
25 0.581905 0.435722 0.085714 0.050057
25 0.586032 0.486348 0.068571 0.032992
25 0.692063 0.481797 0.092698 0.042093
25 0.822857 0.477816 0.095238 0.054608
26 0.659365 0.434585 0.070476 0.043231
26 0.691429 0.527873 0.091429 0.043231
26 0.826984 0.527304 0.107302 0.048919
26 0.574921 0.523891 0.080635 0.032992
26 0.198413 0.453356 0.064127 0.039818
26 0.199365 0.519909 0.078730 0.050057
26 0.200635 0.580205 0.076190 0.047782
27 0.272698 0.449374 0.067937 0.045506
27 0.278095 0.512514 0.074921 0.053470
27 0.279365 0.580205 0.064762 0.052332
27 0.732063 0.431741 0.081270 0.053470
27 0.573333 0.565415 0.077460 0.040956
27 0.689524 0.567122 0.081270 0.037543
27 0.830476 0.573379 0.100317 0.045506
28 0.810794 0.426052 0.083810 0.058020
28 0.572063 0.602389 0.086349 0.048919
28 0.682540 0.605233 0.090159 0.045506
28 0.839683 0.616610 0.123810 0.043231
28 0.350794 0.448237 0.074286 0.047782
28 0.364762 0.509101 0.086984 0.058020
28 0.373333 0.573948 0.082540 0.055745
29 0.897778 0.421502 0.081270 0.055745
29 0.836190 0.666667 0.096508 0.054608
29 0.684444 0.653015 0.101587 0.054608
29 0.571111 0.650171 0.085714 0.062571
29 0.456508 0.567122 0.080000 0.060296
29 0.450476 0.501138 0.073016 0.044369
29 0.423810 0.445392 0.065397 0.046644
