25 0.093651 0.389647 0.094603 0.053470
25 0.101587 0.457907 0.102857 0.058020
25 0.091746 0.543800 0.093333 0.065984
25 0.622222 0.416951 0.066032 0.044369
25 0.739365 0.414676 0.090794 0.042093
25 0.877460 0.407281 0.110476 0.047782
25 0.614286 0.367463 0.089524 0.040956
26 0.699365 0.360637 0.083175 0.038680
26 0.618730 0.459613 0.078095 0.038680
26 0.740635 0.448237 0.089524 0.029579
26 0.893651 0.448805 0.093333 0.039818
26 0.186984 0.379977 0.085714 0.050057
26 0.196825 0.443117 0.085079 0.051195
26 0.195873 0.538111 0.098413 0.070535
27 0.751746 0.493743 0.096508 0.054608
27 0.784762 0.363481 0.076190 0.039818
27 0.896190 0.497725 0.097143 0.060296
27 0.622540 0.501138 0.080635 0.044369
27 0.274286 0.382253 0.077460 0.059158
27 0.287937 0.443117 0.084444 0.051195
27 0.298413 0.533561 0.090159 0.077361
28 0.748889 0.542093 0.088254 0.030717
28 0.898413 0.547213 0.115556 0.043231
28 0.625397 0.542093 0.077460 0.035267
28 0.362857 0.383390 0.078095 0.045506
28 0.379048 0.442548 0.078730 0.043231
28 0.389841 0.532423 0.090159 0.052332
28 0.867619 0.363481 0.081905 0.039818
29 0.947937 0.365757 0.074921 0.053470
29 0.891746 0.595563 0.093333 0.053470
29 0.754921 0.587600 0.100317 0.058020
29 0.633016 0.583049 0.083810 0.051195
29 0.483175 0.529579 0.083810 0.067122
29 0.459683 0.437998 0.077460 0.054608
29 0.440635 0.372014 0.083810 0.052332
