25 0.648889 0.436860 0.068571 0.047782
25 0.657778 0.480091 0.067302 0.038680
25 0.749206 0.486348 0.074921 0.037543
25 0.857143 0.477247 0.082540 0.055745
25 0.208254 0.447099 0.087619 0.043231
25 0.211111 0.510808 0.103492 0.059158
25 0.223810 0.578498 0.108571 0.067122
26 0.289206 0.445961 0.069206 0.036405
26 0.306032 0.501706 0.074921 0.061433
26 0.317778 0.568828 0.075556 0.063709
26 0.660635 0.515927 0.067937 0.028441
26 0.717143 0.436860 0.059048 0.045506
26 0.766984 0.522184 0.077460 0.036405
26 0.875556 0.522184 0.083810 0.040956
27 0.368254 0.441980 0.067302 0.046644
27 0.378730 0.498862 0.055238 0.053470
27 0.403175 0.566553 0.071111 0.072810
27 0.775873 0.558589 0.067302 0.043231
27 0.888571 0.561433 0.079365 0.048919
27 0.778095 0.439135 0.060317 0.045506
27 0.675556 0.548350 0.068571 0.038680
28 0.780952 0.590444 0.071111 0.027304
28 0.909841 0.598407 0.097778 0.034130
28 0.687302 0.588168 0.080635 0.034130
28 0.443492 0.444824 0.071746 0.047782
28 0.462222 0.499431 0.092698 0.038680
28 0.491429 0.561433 0.078730 0.058020
29 0.511746 0.441980 0.062222 0.048919
29 0.544762 0.491468 0.066032 0.050057
29 0.570159 0.556883 0.077460 0.060296
29 0.694286 0.631399 0.078095 0.047782
29 0.786032 0.633106 0.080000 0.058020
29 0.916825 0.643914 0.081270 0.056883
29 0.903175 0.435154 0.059048 0.044369
28 0.840635 0.437429 0.059683 0.044369
