29 0.853968 0.675199 0.110476 0.069397
29 0.676825 0.660978 0.090159 0.065984
29 0.565397 0.662116 0.086984 0.059158
29 0.897460 0.394767 0.097143 0.061433
29 0.458095 0.574516 0.073016 0.047782
29 0.452063 0.517634 0.067302 0.045506
29 0.420635 0.459613 0.059048 0.040956
25 0.173333 0.485210 0.050794 0.048919
25 0.163492 0.548350 0.069206 0.047782
25 0.157143 0.612628 0.076825 0.055745
25 0.565714 0.437998 0.076190 0.043231
25 0.578095 0.492036 0.065397 0.037543
25 0.684444 0.478953 0.088889 0.045506
25 0.823175 0.462457 0.106032 0.055745
26 0.233651 0.477247 0.058413 0.048919
26 0.238413 0.546075 0.057778 0.052332
26 0.232698 0.604664 0.059048 0.048919
26 0.640635 0.429465 0.069841 0.046644
26 0.571429 0.527873 0.071111 0.036405
26 0.687302 0.529010 0.089524 0.052332
26 0.834286 0.520478 0.120635 0.048919
27 0.843175 0.573379 0.113016 0.054608
27 0.689841 0.573379 0.085714 0.050057
27 0.570794 0.568828 0.063492 0.040956
27 0.719365 0.422071 0.080000 0.050057
27 0.293016 0.475540 0.056508 0.040956
27 0.301270 0.537543 0.059048 0.053470
27 0.293651 0.596701 0.053968 0.051195
28 0.802857 0.405006 0.086984 0.052332
28 0.852381 0.620592 0.132698 0.037543
28 0.683492 0.616041 0.083175 0.030717
28 0.573333 0.610353 0.091429 0.039818
28 0.358730 0.461889 0.064762 0.031854
28 0.372698 0.526735 0.085079 0.054608
28 0.378413 0.587031 0.073651 0.045506
