25 0.397143 0.361775 0.057778 0.047782
25 0.402540 0.480091 0.086349 0.043231
25 0.485714 0.436291 0.074921 0.030717
25 0.558095 0.396473 0.076190 0.051195
25 0.527619 0.473834 0.085079 0.046644
25 0.691429 0.587031 0.088889 0.043231
26 0.548889 0.645620 0.095873 0.055745
26 0.659365 0.465301 0.093333 0.040956
26 0.391429 0.521047 0.081905 0.036405
26 0.393016 0.399886 0.081270 0.030717
26 0.708571 0.350967 0.085079 0.046644
26 0.561905 0.432309 0.064762 0.034130
27 0.390159 0.560296 0.076825 0.039818
27 0.533968 0.513083 0.073651 0.040956
27 0.682540 0.508532 0.115556 0.043231
27 0.466349 0.364050 0.069206 0.036405
27 0.477778 0.398180 0.066667 0.029579
29 0.389524 0.642776 0.093333 0.050057
29 0.538730 0.590444 0.092063 0.043231
29 0.692063 0.641069 0.090159 0.060296
29 0.742222 0.434585 0.080000 0.050057
29 0.646349 0.399886 0.078730 0.039818
29 0.624444 0.353811 0.071746 0.043231
28 0.539683 0.551763 0.088889 0.034130
28 0.692381 0.547782 0.114921 0.039818
28 0.545714 0.355518 0.070476 0.037543
28 0.392381 0.600683 0.081270 0.034130
27 0.398730 0.440842 0.073651 0.037543
28 0.646984 0.435154 0.072381 0.032992
28 0.721270 0.395336 0.072381 0.032992
