29 0.731111 0.439135 0.093333 0.070535
29 0.609524 0.381684 0.096508 0.060296
29 0.592063 0.322526 0.092063 0.058020
29 0.651111 0.722412 0.102222 0.061433
29 0.480317 0.660410 0.117460 0.060296
29 0.293651 0.724687 0.099683 0.065984
28 0.653651 0.601820 0.125079 0.047782
28 0.473968 0.603527 0.112381 0.042093
28 0.292063 0.666667 0.114286 0.045506
28 0.491111 0.320819 0.097143 0.050057
28 0.614921 0.441980 0.103492 0.044369
28 0.713016 0.370876 0.101587 0.056883
27 0.386349 0.323094 0.089524 0.063709
27 0.399683 0.387941 0.089524 0.047782
27 0.298413 0.441980 0.095238 0.051195
27 0.470794 0.549488 0.098413 0.043231
27 0.644444 0.546644 0.133333 0.053470
27 0.296825 0.616610 0.104762 0.045506
26 0.703492 0.316837 0.113016 0.048919
26 0.288254 0.386234 0.110476 0.048919
26 0.297778 0.564846 0.096508 0.048919
26 0.509524 0.445392 0.090794 0.048919
26 0.474921 0.720705 0.109206 0.064846
25 0.651746 0.656997 0.107302 0.058020
25 0.461905 0.499431 0.097143 0.040956
25 0.404127 0.442548 0.092063 0.063709
25 0.305714 0.510808 0.100952 0.047782
25 0.295238 0.325370 0.077460 0.052332
26 0.628889 0.490330 0.111111 0.045506
