38 0.289524 0.248578 0.063492 0.071672
38 0.476508 0.317975 0.060317 0.067122
38 0.675238 0.381115 0.059048 0.081911
38 0.658730 0.762799 0.073016 0.083049
38 0.464444 0.767918 0.076825 0.093288
38 0.279683 0.488055 0.061587 0.079636
39 0.587937 0.538111 0.071111 0.075085
39 0.425397 0.479522 0.074921 0.080774
39 0.310159 0.776451 0.073016 0.085324
39 0.574603 0.378840 0.053333 0.065984
39 0.376190 0.250284 0.067937 0.070535
39 0.292698 0.326507 0.059683 0.077361
40 0.472698 0.246303 0.061587 0.071672
40 0.383492 0.321388 0.073651 0.064846
40 0.392063 0.393629 0.078095 0.068259
40 0.439683 0.547782 0.083175 0.058020
40 0.588571 0.464164 0.077460 0.063709
40 0.295556 0.564278 0.081905 0.061433
41 0.566984 0.249716 0.086349 0.060296
41 0.564444 0.317975 0.086349 0.058020
41 0.486032 0.390785 0.098413 0.055745
41 0.623810 0.612059 0.113651 0.059158
41 0.462540 0.688851 0.120000 0.060296
41 0.302857 0.632537 0.120635 0.056883
42 0.637778 0.686576 0.067937 0.069397
42 0.447619 0.619454 0.076190 0.067122
42 0.312063 0.695677 0.085714 0.064846
42 0.291429 0.401024 0.086349 0.067122
42 0.657778 0.240046 0.066032 0.061433
42 0.663175 0.305461 0.066667 0.062571
