42 0.561270 0.421502 0.045714 0.058020
42 0.569206 0.494312 0.048889 0.073948
42 0.584444 0.592719 0.064127 0.079636
42 0.953968 0.444255 0.034921 0.062571
42 0.943810 0.744596 0.069206 0.067122
42 0.832063 0.736633 0.065397 0.071672
42 0.726984 0.718430 0.059683 0.060296
41 0.926349 0.685438 0.083810 0.048919
41 0.826032 0.672924 0.074921 0.055745
41 0.721587 0.662685 0.074286 0.044369
41 0.880635 0.432309 0.058413 0.054608
41 0.490476 0.596701 0.098413 0.071672
41 0.483810 0.493743 0.088889 0.072810
41 0.490159 0.415245 0.074921 0.065984
40 0.910159 0.623436 0.059048 0.070535
40 0.801587 0.608077 0.062857 0.067122
40 0.715556 0.610922 0.048254 0.054608
40 0.827302 0.427759 0.036825 0.052332
40 0.401270 0.598976 0.054603 0.080774
40 0.401587 0.496018 0.048889 0.072810
40 0.409524 0.405575 0.048254 0.060296
39 0.907937 0.556883 0.050794 0.053470
39 0.794921 0.545506 0.053333 0.055745
39 0.707302 0.546644 0.045714 0.055745
39 0.776825 0.423777 0.041270 0.044369
39 0.306349 0.401024 0.067937 0.055745
39 0.304127 0.489192 0.069841 0.084187
39 0.294921 0.594425 0.060317 0.083049
38 0.701587 0.482935 0.033016 0.060296
38 0.787302 0.481229 0.046984 0.063709
38 0.902857 0.493174 0.049524 0.062571
38 0.720635 0.419226 0.043175 0.062571
38 0.203175 0.397042 0.059683 0.075085
38 0.196825 0.484642 0.063492 0.088737
38 0.197778 0.591581 0.053968 0.093288
