38 0.075556 0.423208 0.058413 0.077361
38 0.080635 0.511945 0.066032 0.081911
38 0.084762 0.601820 0.076825 0.084187
38 0.619365 0.390785 0.052698 0.067122
38 0.610794 0.463595 0.050794 0.060296
38 0.736190 0.452218 0.057778 0.064846
38 0.857778 0.452218 0.043175 0.069397
39 0.684762 0.392491 0.048889 0.061433
39 0.616825 0.526735 0.047619 0.065984
39 0.735556 0.528441 0.061587 0.076223
39 0.864762 0.527873 0.069841 0.072810
39 0.161905 0.516496 0.048254 0.072810
39 0.180952 0.601820 0.048254 0.068259
39 0.149841 0.427759 0.048254 0.070535
40 0.624127 0.597270 0.074921 0.063709
40 0.755873 0.598976 0.090794 0.053470
40 0.869524 0.597838 0.075556 0.060296
40 0.771111 0.389647 0.067937 0.060296
40 0.270476 0.592150 0.074921 0.069397
40 0.263175 0.504551 0.086984 0.064846
40 0.246984 0.422071 0.087619 0.070535
41 0.852698 0.386803 0.091429 0.054608
41 0.898095 0.657565 0.107302 0.054608
41 0.770476 0.656997 0.103492 0.048919
41 0.645397 0.660978 0.102222 0.052332
41 0.368571 0.585893 0.106032 0.063709
41 0.364762 0.499431 0.094603 0.063709
41 0.346032 0.424346 0.092698 0.061433
42 0.935873 0.378271 0.066032 0.071672
42 0.880000 0.720137 0.068571 0.065984
42 0.770794 0.717292 0.074921 0.060296
42 0.647619 0.725256 0.074921 0.062571
42 0.482857 0.575654 0.075556 0.063709
42 0.469524 0.491468 0.071746 0.063709
42 0.441270 0.419226 0.066032 0.064846
