38 0.180317 0.436860 0.052063 0.052332
38 0.170159 0.503982 0.046984 0.065984
38 0.161587 0.584755 0.047619 0.079636
38 0.662540 0.427759 0.040000 0.050057
38 0.649524 0.482935 0.044444 0.051195
38 0.743492 0.476678 0.050794 0.050057
38 0.881587 0.484642 0.061587 0.056883
39 0.721270 0.428896 0.039365 0.045506
39 0.660635 0.538111 0.047619 0.054608
39 0.759365 0.534699 0.052063 0.054608
39 0.897778 0.544369 0.060952 0.051195
39 0.266667 0.438567 0.058413 0.046644
39 0.262540 0.502844 0.053968 0.059158
39 0.246349 0.583049 0.049524 0.071672
40 0.780635 0.431741 0.042540 0.042093
40 0.774286 0.595563 0.075556 0.058020
40 0.906984 0.608077 0.076825 0.069397
40 0.673016 0.597838 0.053333 0.053470
40 0.343492 0.591013 0.048254 0.069397
40 0.349524 0.503982 0.042540 0.059158
40 0.358730 0.438567 0.045714 0.044369
41 0.842222 0.434016 0.071746 0.046644
41 0.939365 0.670080 0.106032 0.052332
41 0.801587 0.653015 0.090794 0.050057
41 0.683492 0.650171 0.084444 0.042093
41 0.433016 0.437998 0.077460 0.047782
41 0.428254 0.501706 0.085714 0.059158
41 0.428889 0.589875 0.092063 0.058020
42 0.932063 0.436291 0.045714 0.058020
42 0.966667 0.729238 0.065397 0.063709
42 0.820317 0.717292 0.086349 0.064846
42 0.689524 0.702503 0.064762 0.055745
42 0.529841 0.583049 0.062857 0.064846
42 0.512698 0.496018 0.048889 0.059158
42 0.502222 0.434585 0.046984 0.043231
