42 0.688889 0.664391 0.071111 0.075085
42 0.509841 0.606371 0.066032 0.063709
42 0.400635 0.671786 0.076190 0.060296
42 0.689524 0.306598 0.067302 0.062571
42 0.372381 0.411832 0.064127 0.056883
42 0.678730 0.247440 0.058413 0.055745
41 0.668889 0.593857 0.106032 0.063709
41 0.529206 0.669511 0.104762 0.055745
41 0.385714 0.614334 0.099683 0.052332
41 0.538413 0.390216 0.090159 0.056883
41 0.602857 0.320250 0.075556 0.053470
41 0.597143 0.261661 0.076825 0.050057
40 0.498413 0.539818 0.073651 0.058020
40 0.630476 0.456200 0.071111 0.056883
40 0.376190 0.550057 0.064127 0.060296
40 0.455238 0.398180 0.069841 0.052332
40 0.442222 0.331627 0.057778 0.064846
40 0.513333 0.262230 0.053968 0.062571
39 0.611429 0.382821 0.046984 0.060296
39 0.633651 0.523322 0.067302 0.063709
39 0.486667 0.474403 0.071746 0.075085
39 0.398730 0.746871 0.066032 0.071672
39 0.435556 0.272469 0.053333 0.055745
39 0.366667 0.341866 0.055238 0.071672
38 0.703810 0.377702 0.061587 0.072810
38 0.361587 0.272469 0.050159 0.055745
38 0.361905 0.480660 0.053333 0.073948
38 0.709841 0.744596 0.073651 0.071672
38 0.535238 0.740614 0.076190 0.077361
38 0.518413 0.325939 0.059048 0.062571
