38 0.403175 0.271900 0.059683 0.061433
38 0.398095 0.480091 0.059683 0.070535
38 0.583810 0.733788 0.076825 0.084187
38 0.741905 0.719568 0.062857 0.073948
38 0.724127 0.397042 0.051429 0.070535
38 0.560317 0.340728 0.048889 0.060296
39 0.643492 0.397611 0.047619 0.055745
39 0.528889 0.477816 0.060952 0.061433
39 0.666984 0.527304 0.060317 0.062571
39 0.477460 0.278726 0.057143 0.050057
39 0.403492 0.337884 0.059048 0.059158
39 0.444127 0.740046 0.073016 0.071672
40 0.413968 0.548919 0.071111 0.058020
40 0.540317 0.538111 0.066032 0.052332
40 0.660317 0.463026 0.058413 0.059158
40 0.487619 0.335040 0.062222 0.060296
40 0.499683 0.402730 0.073651 0.061433
40 0.561270 0.281001 0.049524 0.061433
41 0.638413 0.287827 0.071746 0.056883
41 0.634603 0.340728 0.069206 0.053470
41 0.576190 0.403868 0.078095 0.052332
41 0.428571 0.612059 0.099048 0.052332
41 0.572698 0.660978 0.088889 0.052332
41 0.701587 0.591581 0.086349 0.052332
42 0.725079 0.653015 0.050794 0.054608
42 0.553651 0.597838 0.062222 0.055745
42 0.440952 0.671217 0.080635 0.056883
42 0.709841 0.277019 0.050794 0.044369
42 0.712698 0.329920 0.045079 0.050057
42 0.406984 0.403868 0.073651 0.059158
