38 0.192063 0.505688 0.065397 0.083049
38 0.192698 0.423208 0.052698 0.065984
38 0.192381 0.594425 0.077460 0.094425
38 0.681905 0.418089 0.045714 0.055745
38 0.680000 0.477816 0.040635 0.050057
38 0.878730 0.469852 0.041905 0.054608
38 0.782540 0.473834 0.046349 0.053470
39 0.738730 0.420933 0.043810 0.059158
39 0.679683 0.535836 0.046349 0.061433
39 0.779683 0.538680 0.050794 0.064846
39 0.884444 0.536974 0.058413 0.065984
39 0.273651 0.513652 0.049524 0.073948
39 0.266667 0.427190 0.044444 0.067122
39 0.282540 0.591013 0.049524 0.069397
40 0.806349 0.419795 0.057143 0.050057
40 0.692063 0.598407 0.072381 0.056883
40 0.801905 0.600114 0.077460 0.053470
40 0.892063 0.597270 0.063492 0.047782
40 0.370159 0.587600 0.076190 0.062571
40 0.367937 0.506257 0.074286 0.065984
40 0.357143 0.431741 0.078095 0.058020
41 0.871429 0.416382 0.070476 0.050057
41 0.447937 0.431741 0.085714 0.055745
41 0.456508 0.501138 0.076190 0.073948
41 0.464444 0.581911 0.093333 0.055745
41 0.712381 0.659841 0.095238 0.047782
41 0.821905 0.655859 0.089524 0.046644
41 0.924127 0.654152 0.093333 0.052332
42 0.933333 0.419226 0.046984 0.058020
42 0.914603 0.710466 0.062857 0.058020
42 0.822540 0.711035 0.070476 0.054608
42 0.716190 0.716155 0.073651 0.053470
42 0.562540 0.573948 0.068571 0.062571
42 0.553968 0.498862 0.062857 0.051195
42 0.532381 0.433447 0.057778 0.063709
