42 0.499048 0.560296 0.071111 0.064846
42 0.487619 0.481229 0.073651 0.054608
42 0.459365 0.406712 0.061587 0.060296
42 0.887302 0.707053 0.065397 0.069397
42 0.778413 0.700796 0.074921 0.065984
42 0.658730 0.707053 0.075556 0.053470
42 0.941270 0.374858 0.060317 0.060296
41 0.903810 0.642776 0.100952 0.059158
41 0.781905 0.640501 0.102222 0.050057
41 0.655873 0.647327 0.096508 0.050057
41 0.863492 0.381115 0.087619 0.050057
41 0.385397 0.488055 0.095238 0.061433
41 0.370159 0.414676 0.088889 0.060296
41 0.398730 0.572810 0.105397 0.062571
40 0.873333 0.579636 0.071746 0.055745
40 0.762540 0.581342 0.082540 0.052332
40 0.636190 0.584187 0.071111 0.058020
40 0.778730 0.378271 0.073016 0.064846
40 0.299048 0.581911 0.082540 0.069397
40 0.287619 0.492605 0.074921 0.065984
40 0.271746 0.409556 0.083810 0.065984
39 0.628571 0.517065 0.049524 0.060296
39 0.746984 0.516496 0.061587 0.072810
39 0.871429 0.515358 0.065397 0.065984
39 0.700317 0.386234 0.046984 0.055745
39 0.176825 0.415813 0.050159 0.060296
39 0.189841 0.506257 0.046984 0.072810
39 0.205397 0.584755 0.052698 0.070535
38 0.632063 0.385666 0.055238 0.065984
38 0.626667 0.452218 0.046984 0.060296
38 0.747619 0.444824 0.056508 0.061433
38 0.866667 0.443117 0.043175 0.062571
38 0.111429 0.500000 0.066667 0.080774
38 0.107937 0.412969 0.055873 0.065984
38 0.114603 0.591013 0.073016 0.089875
