42 0.460952 0.569397 0.066032 0.076223
42 0.441905 0.474972 0.055873 0.076223
42 0.425079 0.401593 0.053968 0.054608
42 0.903175 0.397042 0.046349 0.068259
42 0.864127 0.716155 0.067302 0.067122
42 0.733651 0.707053 0.075556 0.067122
42 0.617778 0.689420 0.067302 0.063709
41 0.846984 0.657565 0.093968 0.050057
41 0.726032 0.644482 0.089524 0.058020
41 0.606032 0.634812 0.065397 0.047782
41 0.806667 0.393629 0.081905 0.050057
41 0.346667 0.398180 0.087619 0.061433
41 0.350476 0.477247 0.100317 0.069397
41 0.366667 0.577929 0.099683 0.072810
40 0.833333 0.594994 0.064127 0.065984
40 0.704762 0.580774 0.071111 0.060296
40 0.605714 0.585324 0.052063 0.051195
40 0.738095 0.390216 0.045079 0.047782
40 0.270476 0.580774 0.060952 0.071672
40 0.262857 0.486348 0.053333 0.069397
40 0.260000 0.401024 0.057778 0.060296
39 0.837778 0.526735 0.061587 0.061433
39 0.697778 0.516496 0.058413 0.059158
39 0.596825 0.522184 0.052063 0.063709
39 0.674286 0.389647 0.045714 0.051195
39 0.155556 0.403868 0.064762 0.056883
39 0.162857 0.486917 0.070476 0.072810
39 0.168254 0.579067 0.054603 0.079636
38 0.834286 0.456769 0.057143 0.069397
38 0.691111 0.448237 0.052698 0.063709
38 0.590159 0.456769 0.038730 0.058020
38 0.605397 0.389078 0.043810 0.063709
38 0.056825 0.406143 0.057778 0.068259
38 0.064762 0.482935 0.064762 0.085324
38 0.079365 0.581342 0.045714 0.079636
