42 0.426349 0.547782 0.065397 0.062571
42 0.409206 0.474403 0.066667 0.052332
42 0.382222 0.412400 0.058413 0.058020
42 0.832698 0.357793 0.067937 0.062571
42 0.807937 0.699090 0.073016 0.069397
42 0.695873 0.689989 0.076190 0.064846
42 0.578095 0.697952 0.073016 0.060296
41 0.821270 0.630262 0.114921 0.056883
41 0.695556 0.630830 0.106032 0.053470
41 0.573333 0.637088 0.101587 0.052332
41 0.752698 0.365188 0.088254 0.050057
41 0.315873 0.489761 0.084444 0.053470
41 0.327619 0.567691 0.093968 0.061433
41 0.302222 0.420364 0.078730 0.048919
40 0.788889 0.568828 0.083175 0.054608
40 0.670159 0.569966 0.075556 0.054608
40 0.552698 0.574516 0.079365 0.056883
40 0.676190 0.370307 0.068571 0.051195
40 0.236190 0.496018 0.071111 0.061433
40 0.241905 0.576792 0.068571 0.063709
40 0.222857 0.424915 0.072381 0.060296
39 0.778413 0.502844 0.071111 0.075085
39 0.652063 0.505119 0.064762 0.070535
39 0.541587 0.505688 0.046984 0.062571
39 0.595556 0.378271 0.049524 0.055745
39 0.145079 0.431172 0.045079 0.052332
39 0.154603 0.504551 0.036190 0.062571
39 0.166984 0.585324 0.043175 0.069397
38 0.762540 0.428896 0.054603 0.068259
38 0.647619 0.434585 0.062222 0.056883
38 0.534921 0.446530 0.047619 0.053470
38 0.534603 0.379977 0.055873 0.059158
38 0.085397 0.428896 0.046349 0.056883
38 0.091111 0.503982 0.048889 0.070535
38 0.088254 0.584755 0.063492 0.084187
