38 0.132063 0.440842 0.049524 0.064846
38 0.146349 0.514790 0.047619 0.078498
38 0.161905 0.605233 0.038095 0.072810
38 0.593016 0.395336 0.049524 0.069397
38 0.589841 0.472127 0.045714 0.063709
38 0.689206 0.454494 0.059048 0.064846
38 0.851746 0.456769 0.073016 0.083049
39 0.660317 0.393060 0.050794 0.060296
39 0.710794 0.530717 0.062857 0.069397
39 0.867937 0.537543 0.072381 0.071672
39 0.605079 0.536974 0.052063 0.063709
39 0.205714 0.439135 0.054603 0.047782
39 0.219365 0.511945 0.056508 0.070535
39 0.226349 0.599545 0.046349 0.072810
40 0.730794 0.390216 0.054603 0.052332
40 0.618095 0.604664 0.056508 0.069397
40 0.724762 0.605233 0.076825 0.072810
40 0.870476 0.621160 0.082540 0.084187
40 0.281905 0.428896 0.046984 0.061433
40 0.295873 0.509101 0.041905 0.064846
40 0.307937 0.605802 0.053333 0.073948
41 0.808571 0.383959 0.093333 0.067122
41 0.896508 0.696246 0.120635 0.065984
41 0.749524 0.674630 0.102222 0.059158
41 0.628254 0.666667 0.078095 0.047782
41 0.386349 0.604664 0.086984 0.064846
41 0.372381 0.501706 0.090794 0.063709
41 0.361587 0.426621 0.074286 0.054608
42 0.924762 0.379408 0.061587 0.083049
42 0.633016 0.725256 0.073651 0.067122
42 0.760952 0.748009 0.080635 0.071672
42 0.911746 0.769056 0.085079 0.072810
42 0.475238 0.594994 0.064127 0.070535
42 0.449206 0.498294 0.053968 0.075085
42 0.424444 0.424346 0.048889 0.056883
