42 0.688889 0.320250 0.052063 0.046644
42 0.699683 0.371445 0.052063 0.048919
42 0.387619 0.443117 0.070476 0.060296
42 0.705714 0.672924 0.069206 0.058020
42 0.522222 0.614903 0.067937 0.058020
42 0.388571 0.682594 0.080000 0.056883
41 0.536508 0.674061 0.109206 0.055745
41 0.684444 0.606940 0.100317 0.058020
41 0.378413 0.626849 0.109206 0.050057
41 0.616508 0.378840 0.068571 0.038680
41 0.615873 0.334471 0.069841 0.043231
41 0.553968 0.431741 0.085714 0.044369
40 0.643810 0.482935 0.069841 0.053470
40 0.513333 0.552901 0.067937 0.050057
40 0.378730 0.567122 0.071746 0.058020
40 0.472063 0.382821 0.053968 0.046644
40 0.474286 0.436291 0.067302 0.046644
40 0.544127 0.328783 0.046984 0.047782
39 0.646349 0.544369 0.067302 0.055745
39 0.501270 0.496587 0.064127 0.058020
39 0.378413 0.754266 0.081270 0.079636
39 0.393651 0.387372 0.050794 0.046644
39 0.465714 0.332765 0.050159 0.053470
39 0.627619 0.428328 0.045079 0.051195
38 0.711746 0.426052 0.057143 0.058020
38 0.397460 0.335040 0.048254 0.058020
38 0.545714 0.376564 0.048889 0.045506
38 0.538413 0.751422 0.080000 0.087600
38 0.725714 0.745165 0.078730 0.077361
38 0.372698 0.502844 0.050794 0.059158
