38 0.361270 0.232651 0.066032 0.073948
38 0.536190 0.306030 0.062857 0.070535
38 0.731429 0.372014 0.066032 0.086462
38 0.699683 0.746303 0.072381 0.088737
38 0.520635 0.744596 0.076190 0.094425
38 0.341587 0.469852 0.057143 0.081911
39 0.439365 0.238339 0.057143 0.064846
39 0.357143 0.314562 0.065397 0.076223
39 0.631429 0.374289 0.057778 0.072810
39 0.644127 0.526735 0.076825 0.072810
39 0.486349 0.465870 0.076190 0.080774
39 0.369206 0.750284 0.080635 0.087600
40 0.643492 0.451081 0.070476 0.069397
40 0.454603 0.381684 0.077460 0.062571
40 0.447937 0.306030 0.066667 0.056883
40 0.537143 0.233788 0.057143 0.076223
40 0.498413 0.537543 0.080000 0.060296
40 0.354603 0.544937 0.084444 0.059158
41 0.674921 0.596132 0.109206 0.059158
41 0.516190 0.671786 0.104127 0.060296
41 0.364127 0.609784 0.109841 0.061433
41 0.546032 0.379408 0.096508 0.062571
41 0.623492 0.307167 0.076190 0.056883
41 0.628254 0.242321 0.079365 0.056883
42 0.719683 0.228100 0.071746 0.058020
42 0.721270 0.291809 0.066032 0.067122
42 0.688889 0.668373 0.063492 0.060296
42 0.500635 0.603527 0.067937 0.062571
42 0.378413 0.672355 0.074921 0.061433
42 0.352381 0.387372 0.081270 0.062571
