42 0.495238 0.579067 0.068571 0.054608
42 0.490476 0.503413 0.060317 0.051195
42 0.471111 0.447099 0.054603 0.047782
42 0.915873 0.427759 0.056508 0.059158
42 0.908571 0.735495 0.081270 0.076223
42 0.787619 0.726394 0.090794 0.067122
42 0.654921 0.730375 0.084444 0.063709
41 0.917460 0.666098 0.107937 0.060296
41 0.779048 0.663254 0.105397 0.050057
41 0.650159 0.667235 0.093968 0.048919
41 0.840635 0.423208 0.076190 0.045506
41 0.383810 0.450512 0.080635 0.052332
41 0.388889 0.513083 0.083175 0.059158
41 0.386032 0.590444 0.096508 0.061433
40 0.878730 0.605802 0.081270 0.060296
40 0.763492 0.606371 0.084444 0.052332
40 0.632063 0.602958 0.071746 0.061433
40 0.769206 0.425484 0.064127 0.047782
40 0.295556 0.449943 0.071746 0.055745
40 0.299683 0.516496 0.069841 0.065984
40 0.287302 0.592150 0.070476 0.062571
39 0.869841 0.542662 0.072381 0.061433
39 0.742222 0.539249 0.063492 0.065984
39 0.630794 0.538680 0.047619 0.058020
39 0.692698 0.428328 0.044444 0.051195
39 0.213968 0.452787 0.045714 0.056883
39 0.203810 0.527304 0.044444 0.069397
39 0.199365 0.599545 0.046984 0.065984
38 0.852381 0.477247 0.050159 0.055745
38 0.740635 0.481797 0.051429 0.055745
38 0.627302 0.481797 0.046984 0.053470
38 0.633651 0.431741 0.044444 0.051195
38 0.145397 0.447668 0.049524 0.055745
38 0.128254 0.517634 0.052063 0.072810
38 0.103175 0.599545 0.057778 0.079636
