38 0.075238 0.403868 0.069206 0.079636
38 0.081905 0.486348 0.062222 0.087600
38 0.096508 0.577929 0.052063 0.086462
38 0.620000 0.389078 0.048889 0.068259
38 0.606349 0.460182 0.039365 0.062571
38 0.701905 0.448237 0.055238 0.065984
38 0.848571 0.457907 0.056508 0.071672
39 0.687619 0.389647 0.043175 0.048919
39 0.608889 0.518203 0.050794 0.064846
39 0.712063 0.517065 0.056508 0.060296
39 0.850794 0.527873 0.057143 0.056883
39 0.174603 0.403299 0.064762 0.058020
39 0.180952 0.486348 0.064762 0.069397
39 0.182540 0.576792 0.060317 0.077361
40 0.715238 0.581342 0.070476 0.065984
40 0.618095 0.584187 0.047619 0.058020
40 0.844762 0.594994 0.070476 0.070535
40 0.751111 0.394198 0.043175 0.051195
40 0.280635 0.486348 0.048254 0.064846
40 0.287619 0.581342 0.055873 0.075085
40 0.277460 0.397611 0.053333 0.060296
41 0.819048 0.397611 0.073651 0.053470
41 0.856825 0.658134 0.094603 0.055745
41 0.733333 0.643914 0.085079 0.056883
41 0.625397 0.637088 0.085079 0.040956
41 0.362222 0.403299 0.088254 0.062571
41 0.366032 0.480091 0.099683 0.061433
41 0.380000 0.576792 0.093333 0.065984
42 0.917778 0.395904 0.052698 0.070535
42 0.871111 0.719568 0.068571 0.067122
42 0.740317 0.711035 0.077460 0.065984
42 0.627937 0.689420 0.054603 0.052332
42 0.472381 0.567122 0.066032 0.080774
42 0.455873 0.478953 0.053333 0.075085
42 0.438730 0.402730 0.053333 0.059158
