0 0.400000 0.294084 0.088889 0.089875
0 0.670476 0.357793 0.076190 0.060296
0 0.553016 0.431172 0.073651 0.072810
0 0.456825 0.533561 0.084444 0.061433
0 0.651746 0.531286 0.088254 0.068259
0 0.897460 0.716724 0.070476 0.063709
1 0.767619 0.307736 0.081270 0.064846
1 0.587937 0.358362 0.066032 0.043231
1 0.651429 0.431741 0.068571 0.064846
1 0.456190 0.590444 0.079365 0.047782
1 0.680000 0.630830 0.067302 0.042093
1 0.849841 0.525597 0.066667 0.043231
2 0.496508 0.297497 0.074921 0.058020
2 0.422540 0.369738 0.081905 0.063709
2 0.786032 0.414676 0.077460 0.058020
2 0.443810 0.633106 0.076190 0.046644
2 0.687302 0.678043 0.081905 0.045506
2 0.855873 0.572810 0.071111 0.035267
3 0.584127 0.295791 0.071111 0.068259
3 0.506667 0.361206 0.066032 0.055745
3 0.720000 0.416382 0.062222 0.054608
3 0.458095 0.683163 0.078095 0.058020
3 0.698413 0.724687 0.074921 0.052332
3 0.861905 0.613766 0.064127 0.053470
4 0.674921 0.297497 0.082540 0.071672
4 0.452698 0.434016 0.114286 0.062571
4 0.764127 0.364050 0.081905 0.050057
4 0.474286 0.751991 0.097778 0.061433
4 0.673016 0.584755 0.093968 0.052332
4 0.891111 0.656428 0.083175 0.050057
