4 0.887619 0.735495 0.069841 0.135381
4 0.776825 0.633106 0.059048 0.101251
4 0.671429 0.641069 0.051429 0.098976
4 0.549206 0.615472 0.066032 0.111490
4 0.540635 0.362912 0.070476 0.125142
4 0.541905 0.184300 0.079365 0.116041
4 0.777143 0.148464 0.036825 0.062571
0 0.636508 0.177474 0.041270 0.070535
0 0.649524 0.317406 0.050794 0.097838
0 0.746032 0.308305 0.057143 0.109215
0 0.835238 0.320250 0.066667 0.133106
0 0.259048 0.226962 0.095238 0.187713
0 0.258413 0.428328 0.097778 0.176337
0 0.256190 0.692833 0.094603 0.229807
1 0.673333 0.176906 0.028571 0.071672
1 0.656508 0.402162 0.043175 0.062571
1 0.750794 0.395904 0.056508 0.063709
1 0.844444 0.423777 0.046984 0.076223
1 0.343175 0.422639 0.067937 0.149033
1 0.340317 0.221843 0.072381 0.134243
1 0.353016 0.688282 0.064762 0.168373
2 0.408889 0.205347 0.055873 0.117179
2 0.707937 0.171217 0.031746 0.067122
2 0.414286 0.402730 0.056508 0.131968
2 0.425079 0.664391 0.057778 0.136519
2 0.653333 0.469852 0.046984 0.065984
2 0.753333 0.460751 0.042540 0.068259
2 0.858413 0.501706 0.057143 0.081911
3 0.659365 0.546644 0.046349 0.076223
3 0.758730 0.538111 0.045714 0.079636
3 0.871746 0.602958 0.067302 0.118316
3 0.486667 0.638794 0.057778 0.153584
3 0.470476 0.370876 0.058413 0.150171
3 0.469206 0.183163 0.060952 0.156997
3 0.741587 0.160978 0.033016 0.076223
