0 0.178730 0.230944 0.108571 0.204778
0 0.170159 0.463595 0.111746 0.210466
0 0.164127 0.773038 0.123810 0.278726
0 0.613016 0.159272 0.043810 0.084187
0 0.628254 0.301479 0.052698 0.106940
0 0.739683 0.299772 0.072381 0.133106
0 0.845397 0.311718 0.080635 0.141069
1 0.268254 0.221274 0.081905 0.144482
1 0.268254 0.445961 0.083175 0.172924
1 0.278095 0.756542 0.101587 0.193402
1 0.651429 0.160410 0.031746 0.072810
1 0.635873 0.404437 0.045079 0.073948
1 0.742540 0.397611 0.064127 0.069397
1 0.853333 0.424346 0.055873 0.075085
2 0.347937 0.187713 0.064762 0.127418
2 0.353968 0.409556 0.080635 0.150171
2 0.367302 0.718999 0.069206 0.156997
2 0.687619 0.150171 0.036825 0.075085
2 0.636508 0.489761 0.059048 0.076223
2 0.751746 0.472696 0.058413 0.076223
2 0.876190 0.508532 0.072381 0.116041
3 0.722540 0.139363 0.038095 0.087600
3 0.641587 0.577361 0.060317 0.089875
3 0.760952 0.560296 0.056508 0.080774
3 0.889206 0.631399 0.065397 0.125142
3 0.419365 0.390216 0.065397 0.177474
3 0.441270 0.687144 0.072381 0.177474
3 0.415238 0.173493 0.068571 0.169511
4 0.767619 0.135381 0.044444 0.088737
4 0.500317 0.162685 0.085079 0.125142
4 0.506667 0.364050 0.082540 0.141069
4 0.519048 0.652446 0.081905 0.137656
4 0.656190 0.683732 0.060317 0.104664
4 0.784127 0.665529 0.057143 0.100114
4 0.919048 0.774744 0.073016 0.141069
