0 0.292698 0.206485 0.106667 0.187713
0 0.287937 0.434585 0.102222 0.204778
0 0.289841 0.674061 0.109841 0.226394
0 0.674921 0.246871 0.041905 0.091013
0 0.686667 0.371445 0.040000 0.101251
0 0.748889 0.391354 0.051429 0.102389
0 0.814921 0.400455 0.045079 0.091013
1 0.392381 0.232651 0.078730 0.151308
1 0.394603 0.455063 0.095873 0.141069
1 0.402857 0.651308 0.070476 0.110353
1 0.690159 0.458476 0.044444 0.050057
1 0.747937 0.468146 0.038095 0.051195
1 0.817460 0.475540 0.036190 0.059158
1 0.711111 0.257679 0.026667 0.062571
2 0.471746 0.251422 0.068571 0.150171
2 0.487302 0.456200 0.065397 0.134243
2 0.497460 0.629124 0.069206 0.131968
2 0.698095 0.531286 0.047619 0.072810
2 0.756825 0.530148 0.044444 0.065984
2 0.823492 0.544369 0.038095 0.071672
3 0.531746 0.244027 0.047619 0.139932
3 0.545397 0.436860 0.049524 0.147895
3 0.555873 0.591013 0.051429 0.153584
3 0.698095 0.614903 0.043810 0.092150
3 0.761270 0.613766 0.043175 0.094425
3 0.832063 0.626280 0.043810 0.076223
4 0.813333 0.279295 0.040635 0.078498
4 0.776508 0.707053 0.048254 0.092150
4 0.858413 0.717292 0.067302 0.101251
4 0.713651 0.716724 0.060952 0.084187
4 0.617143 0.588168 0.066032 0.129693
4 0.602857 0.427759 0.057778 0.113766
4 0.588889 0.253129 0.055238 0.112628
2 0.741905 0.263936 0.031111 0.065984
3 0.775556 0.263367 0.027302 0.076223
