0 0.343492 0.313993 0.080000 0.059158
0 0.605714 0.354380 0.067302 0.048919
0 0.476190 0.418089 0.086349 0.058020
0 0.564762 0.505688 0.092063 0.064846
0 0.362222 0.503982 0.078095 0.063709
0 0.886349 0.709898 0.099048 0.065984
1 0.703810 0.297497 0.085714 0.055745
1 0.348571 0.558020 0.074921 0.051195
1 0.599048 0.602958 0.071746 0.040956
1 0.806984 0.490330 0.072381 0.054608
1 0.518095 0.356655 0.059683 0.035267
1 0.572063 0.411832 0.077460 0.059158
2 0.435238 0.310011 0.067937 0.048919
2 0.729524 0.398180 0.080000 0.043231
2 0.352063 0.370307 0.066667 0.051195
2 0.343810 0.604664 0.084444 0.048919
2 0.600952 0.653584 0.086984 0.055745
2 0.813016 0.543800 0.083175 0.036405
3 0.515873 0.308874 0.070476 0.060296
3 0.440000 0.359499 0.067302 0.045506
3 0.654286 0.398749 0.064127 0.046644
3 0.344127 0.655859 0.076190 0.055745
3 0.620635 0.706485 0.099683 0.056883
3 0.835238 0.587031 0.079365 0.054608
4 0.867619 0.645051 0.104762 0.063709
4 0.706667 0.349261 0.082540 0.047782
4 0.611746 0.302617 0.085714 0.052332
4 0.370476 0.418658 0.104762 0.045506
4 0.359048 0.724687 0.121270 0.065984
4 0.593016 0.556883 0.110476 0.048919
