0 0.162857 0.254266 0.112381 0.233220
0 0.169524 0.511945 0.107937 0.220705
0 0.183492 0.831058 0.105397 0.278726
0 0.644127 0.346985 0.060317 0.125142
0 0.881905 0.351536 0.076190 0.168373
0 0.766667 0.338453 0.067937 0.144482
0 0.633651 0.176337 0.049524 0.100114
1 0.260000 0.251422 0.079365 0.163823
1 0.272381 0.502275 0.077460 0.183163
1 0.287619 0.819113 0.082540 0.197952
1 0.650476 0.453925 0.048889 0.081911
1 0.766984 0.447668 0.066032 0.080774
1 0.885714 0.478385 0.057143 0.085324
1 0.679048 0.174061 0.034921 0.081911
2 0.342857 0.217861 0.071111 0.137656
2 0.360635 0.472127 0.077460 0.172924
2 0.378730 0.786689 0.071746 0.162685
2 0.776190 0.526735 0.061587 0.088737
2 0.897460 0.581911 0.070476 0.108077
2 0.652063 0.542093 0.054603 0.083049
2 0.722857 0.162685 0.041270 0.086462
3 0.421905 0.196246 0.080635 0.201365
3 0.421587 0.435154 0.062222 0.180887
3 0.448571 0.755973 0.065397 0.174061
3 0.653333 0.635381 0.050794 0.105802
3 0.780952 0.622867 0.054603 0.103527
3 0.904444 0.702503 0.067937 0.151308
4 0.508571 0.183732 0.087619 0.158134
4 0.512698 0.404437 0.098413 0.162685
4 0.519683 0.715586 0.075556 0.141069
4 0.662540 0.748009 0.067937 0.098976
4 0.793333 0.729807 0.066667 0.110353
4 0.921270 0.852105 0.093968 0.156997
4 0.810159 0.130830 0.045714 0.088737
3 0.764762 0.144482 0.041270 0.100114
