4 0.785079 0.669511 0.117460 0.064846
4 0.506667 0.575654 0.116825 0.052332
4 0.272381 0.752560 0.119365 0.062571
4 0.247937 0.408987 0.127619 0.069397
4 0.519683 0.250284 0.097143 0.063709
4 0.628254 0.312287 0.099683 0.062571
3 0.413968 0.249716 0.088889 0.080774
3 0.320952 0.329920 0.078095 0.063709
3 0.572381 0.385097 0.076825 0.067122
3 0.254286 0.687713 0.080635 0.067122
3 0.530159 0.733220 0.083810 0.071672
3 0.754603 0.608077 0.083175 0.058020
2 0.735556 0.557452 0.088254 0.047782
2 0.517143 0.680319 0.092063 0.047782
2 0.240000 0.631968 0.085079 0.048919
2 0.221270 0.339590 0.085714 0.064846
2 0.310794 0.258817 0.085714 0.067122
2 0.654603 0.382253 0.088889 0.068259
1 0.628889 0.246871 0.100952 0.061433
1 0.412381 0.320250 0.074286 0.051195
1 0.483492 0.399317 0.089524 0.070535
1 0.250476 0.583618 0.079365 0.040956
1 0.510794 0.631399 0.070476 0.054608
1 0.734603 0.502844 0.082540 0.056883
0 0.475873 0.523891 0.099683 0.064846
0 0.801905 0.736633 0.081270 0.069397
0 0.254921 0.522184 0.084444 0.070535
0 0.207937 0.260523 0.090794 0.081911
0 0.369841 0.407850 0.089524 0.069397
0 0.514286 0.318544 0.086349 0.061433
