0 0.195238 0.328214 0.064127 0.133106
0 0.192063 0.511377 0.061587 0.149033
0 0.187937 0.676906 0.064762 0.143345
0 0.526032 0.379977 0.042540 0.093288
0 0.518413 0.253129 0.040000 0.085324
0 0.597460 0.377133 0.043175 0.108077
1 0.558730 0.246303 0.034286 0.071672
1 0.523492 0.463595 0.040000 0.064846
1 0.591111 0.465301 0.040635 0.065984
1 0.693333 0.461889 0.048254 0.077361
1 0.261905 0.335609 0.057778 0.116041
1 0.260000 0.510808 0.060317 0.111490
1 0.260635 0.662116 0.048889 0.086462
2 0.322222 0.323663 0.055238 0.117179
2 0.330159 0.489761 0.054603 0.114903
2 0.333968 0.646758 0.053333 0.117179
2 0.526349 0.539249 0.044444 0.081911
2 0.598730 0.244596 0.038095 0.070535
2 0.598413 0.531286 0.052698 0.079636
2 0.694286 0.537543 0.056508 0.089875
3 0.648571 0.222412 0.043810 0.092150
0 0.688889 0.365757 0.064762 0.110353
3 0.700000 0.635381 0.046349 0.085324
3 0.603492 0.626280 0.048889 0.096701
3 0.528254 0.621160 0.040635 0.084187
3 0.381905 0.620023 0.043810 0.120592
3 0.379683 0.468714 0.041905 0.125142
3 0.371111 0.297497 0.043810 0.124005
4 0.702222 0.222412 0.055873 0.078498
4 0.711111 0.743458 0.067302 0.121729
4 0.618095 0.735495 0.052698 0.092150
4 0.536190 0.730944 0.059048 0.098976
4 0.440000 0.603527 0.063492 0.110353
4 0.430794 0.449943 0.053968 0.110353
4 0.422857 0.293515 0.050794 0.097838
