0 0.195556 0.293515 0.071111 0.182025
0 0.196508 0.488055 0.073016 0.170648
0 0.193333 0.730375 0.080635 0.218430
0 0.550794 0.341866 0.050159 0.108077
0 0.656508 0.327076 0.058413 0.126280
0 0.765397 0.329920 0.074286 0.150171
0 0.540952 0.195108 0.048254 0.083049
1 0.260317 0.283276 0.059683 0.122867
1 0.263810 0.472696 0.057778 0.128555
1 0.265079 0.737201 0.060317 0.143345
1 0.552698 0.432309 0.042540 0.072810
1 0.654603 0.426052 0.055873 0.069397
1 0.769841 0.452787 0.055238 0.088737
1 0.579365 0.193970 0.029841 0.069397
2 0.317143 0.250853 0.050159 0.101251
2 0.327619 0.447099 0.052063 0.120592
2 0.328254 0.703641 0.059683 0.133106
2 0.553016 0.513083 0.043175 0.068259
2 0.660317 0.499431 0.052063 0.079636
2 0.785079 0.550057 0.070476 0.108077
2 0.616508 0.178612 0.038095 0.070535
3 0.376508 0.227531 0.059683 0.161547
3 0.374603 0.419226 0.052063 0.169511
3 0.379048 0.683163 0.048254 0.153584
3 0.551429 0.599545 0.043810 0.095563
3 0.665079 0.584755 0.048889 0.095563
3 0.788571 0.660410 0.071111 0.139932
3 0.652698 0.160410 0.039365 0.086462
4 0.441270 0.217861 0.072381 0.119454
4 0.442222 0.397042 0.075556 0.145620
4 0.442222 0.663254 0.071746 0.125142
4 0.561587 0.696815 0.056508 0.101251
4 0.676190 0.681456 0.064762 0.100114
4 0.804127 0.807736 0.081905 0.136519
4 0.694921 0.147895 0.042540 0.075085
