0 0.650159 0.152446 0.050794 0.091013
0 0.659048 0.294653 0.045714 0.093288
0 0.741270 0.300341 0.053968 0.125142
0 0.833333 0.299772 0.065397 0.108077
0 0.233968 0.200228 0.088254 0.163823
0 0.233651 0.420933 0.085079 0.191126
0 0.236190 0.624573 0.100317 0.172924
1 0.695556 0.151877 0.036190 0.076223
1 0.655873 0.386803 0.043175 0.068259
1 0.732381 0.392491 0.046349 0.063709
1 0.328254 0.202503 0.081270 0.150171
1 0.837460 0.390216 0.053333 0.077361
1 0.331111 0.427190 0.075556 0.114903
1 0.338095 0.603527 0.062857 0.096701
2 0.409841 0.209329 0.067937 0.141069
2 0.423492 0.414107 0.064762 0.122867
2 0.433333 0.583049 0.066667 0.133106
3 0.473651 0.188282 0.046984 0.155859
3 0.488254 0.389647 0.054603 0.155859
3 0.495238 0.548919 0.053333 0.139932
3 0.787619 0.139363 0.038730 0.089875
3 0.838095 0.565984 0.044444 0.078498
3 0.741270 0.554608 0.050159 0.098976
3 0.665079 0.552901 0.043810 0.081911
2 0.660635 0.465301 0.046349 0.081911
2 0.739683 0.464164 0.060952 0.077361
2 0.833968 0.464164 0.060317 0.079636
2 0.738095 0.150171 0.038730 0.072810
4 0.841587 0.143345 0.056508 0.095563
4 0.854921 0.670648 0.080635 0.112628
4 0.755238 0.657565 0.060317 0.091013
4 0.672381 0.663254 0.060952 0.097838
4 0.560635 0.532992 0.073651 0.135381
4 0.552698 0.368601 0.062857 0.120592
4 0.544127 0.188851 0.077460 0.111490
