0 0.176190 0.164960 0.140317 0.248009
0 0.170159 0.443686 0.134603 0.248009
0 0.169206 0.813993 0.141587 0.333333
0 0.635873 0.209329 0.041270 0.088737
0 0.651429 0.354949 0.053333 0.111490
0 0.746667 0.368032 0.060952 0.121729
0 0.828889 0.398180 0.061587 0.131968
1 0.289206 0.178043 0.088254 0.164960
1 0.290159 0.434016 0.090159 0.171786
1 0.304762 0.808874 0.102857 0.225256
1 0.659048 0.453925 0.044444 0.072810
1 0.671746 0.214448 0.030476 0.064846
1 0.749841 0.459613 0.054603 0.077361
1 0.840952 0.501706 0.051429 0.079636
2 0.380635 0.174630 0.078095 0.142207
2 0.386667 0.428328 0.082540 0.155859
2 0.403492 0.767918 0.070476 0.188851
2 0.663492 0.540387 0.055873 0.079636
2 0.760000 0.533561 0.046984 0.072810
2 0.856825 0.590444 0.053968 0.106940
2 0.705397 0.218430 0.035556 0.072810
3 0.458730 0.175768 0.075556 0.196815
3 0.456190 0.397042 0.066667 0.197952
3 0.477460 0.730375 0.067302 0.207053
3 0.665079 0.631968 0.055238 0.094425
3 0.770476 0.613197 0.051429 0.097838
3 0.867302 0.694539 0.059683 0.128555
3 0.735238 0.209329 0.026667 0.084187
4 0.770794 0.211604 0.038095 0.075085
4 0.537143 0.188851 0.076190 0.161547
4 0.536825 0.393060 0.083175 0.160410
4 0.553333 0.699659 0.083175 0.150171
4 0.680317 0.733788 0.057778 0.102389
4 0.781587 0.724118 0.057143 0.119454
4 0.889841 0.835609 0.064127 0.149033
