3 0.506032 0.298635 0.045714 0.119454
3 0.515556 0.457338 0.052063 0.131968
3 0.525079 0.604096 0.060952 0.138794
3 0.777778 0.614334 0.049524 0.097838
3 0.693016 0.618885 0.052698 0.095563
3 0.877143 0.618885 0.061587 0.077361
3 0.785397 0.277588 0.039365 0.081911
0 0.663175 0.281001 0.046349 0.077361
0 0.677460 0.386803 0.040635 0.077361
0 0.756190 0.395336 0.053333 0.092150
0 0.842222 0.393629 0.067937 0.106940
0 0.285079 0.310011 0.083810 0.142207
0 0.268571 0.483504 0.085079 0.143345
0 0.256190 0.672924 0.093333 0.187713
1 0.368889 0.314562 0.072381 0.108077
1 0.366349 0.487486 0.078730 0.126280
1 0.360952 0.648464 0.078095 0.116041
1 0.704444 0.285552 0.032381 0.072810
1 0.678730 0.464733 0.040635 0.060296
1 0.751746 0.467577 0.045714 0.061433
1 0.849524 0.474403 0.043175 0.063709
2 0.443175 0.319681 0.060952 0.106940
2 0.454286 0.481229 0.061587 0.118316
2 0.459683 0.642776 0.067302 0.125142
2 0.741587 0.286689 0.034286 0.065984
2 0.687302 0.533561 0.045079 0.072810
2 0.764127 0.530148 0.051429 0.068259
2 0.859048 0.541524 0.049524 0.061433
4 0.833333 0.281001 0.050159 0.061433
4 0.561270 0.307167 0.055873 0.093288
4 0.576190 0.447668 0.061587 0.105802
4 0.593968 0.598976 0.067937 0.128555
4 0.710476 0.722981 0.059683 0.092150
4 0.797778 0.725256 0.065397 0.087600
4 0.903175 0.705916 0.075556 0.098976
