0 0.223175 0.293515 0.078095 0.077361
0 0.492698 0.348123 0.078730 0.068259
0 0.434921 0.542093 0.097778 0.080774
0 0.352063 0.432878 0.085714 0.083049
0 0.241587 0.540956 0.075556 0.080774
0 0.716190 0.772469 0.101587 0.079636
1 0.616508 0.267349 0.102857 0.081911
1 0.400952 0.348123 0.069206 0.056883
1 0.449206 0.424915 0.076825 0.073948
1 0.233016 0.593857 0.074921 0.045506
1 0.458095 0.651308 0.071746 0.046644
1 0.673016 0.539249 0.087619 0.056883
2 0.313651 0.287258 0.072381 0.060296
2 0.234921 0.368032 0.086349 0.060296
2 0.617778 0.408419 0.085079 0.061433
2 0.226667 0.640501 0.072381 0.054608
2 0.460952 0.703072 0.081270 0.052332
2 0.680635 0.593857 0.081270 0.045506
3 0.401587 0.281570 0.074286 0.069397
3 0.317778 0.356086 0.060317 0.065984
3 0.539048 0.411832 0.068571 0.065984
3 0.478095 0.750853 0.072381 0.059158
3 0.692381 0.646758 0.085714 0.058020
3 0.231111 0.692264 0.073651 0.053470
4 0.499048 0.274744 0.102857 0.071672
4 0.600952 0.343003 0.094603 0.064846
4 0.249206 0.436860 0.107302 0.077361
4 0.248571 0.753697 0.099683 0.067122
4 0.458413 0.604664 0.107937 0.042093
4 0.715238 0.705916 0.112381 0.060296
