4 0.579683 0.217292 0.116825 0.075085
4 0.706984 0.295791 0.116190 0.077361
4 0.863175 0.684869 0.131429 0.070535
4 0.562857 0.584755 0.142857 0.061433
4 0.312381 0.772469 0.121905 0.079636
4 0.280952 0.405575 0.140317 0.094425
0 0.228889 0.236633 0.100952 0.106940
0 0.290159 0.527873 0.105397 0.081911
0 0.579683 0.301479 0.093968 0.079636
0 0.413968 0.401024 0.106667 0.108077
0 0.537143 0.520478 0.109206 0.073948
0 0.868889 0.754835 0.106032 0.062571
1 0.710159 0.215586 0.113651 0.087600
1 0.465079 0.303754 0.089524 0.065984
1 0.543492 0.393629 0.097778 0.088737
1 0.571111 0.639932 0.094603 0.064846
1 0.814286 0.511945 0.097143 0.061433
1 0.289524 0.598407 0.096508 0.050057
2 0.343175 0.225825 0.100952 0.080774
2 0.251111 0.329920 0.098413 0.065984
2 0.731111 0.374289 0.100952 0.072810
2 0.818095 0.565984 0.094603 0.055745
2 0.575873 0.697383 0.100317 0.059158
2 0.285714 0.646189 0.100317 0.052332
3 0.596508 0.756542 0.088254 0.068259
3 0.834286 0.624005 0.082540 0.067122
3 0.298413 0.703641 0.093968 0.067122
3 0.363175 0.319681 0.088889 0.093288
3 0.460952 0.229238 0.104127 0.098976
3 0.638730 0.382821 0.078730 0.094425
