3 0.659048 0.581342 0.046984 0.088737
3 0.740952 0.578498 0.045714 0.098976
3 0.839048 0.588168 0.045079 0.091013
3 0.486032 0.572810 0.055238 0.133106
3 0.482540 0.412969 0.052063 0.136519
3 0.469206 0.219568 0.048254 0.143345
3 0.780635 0.173493 0.037460 0.094425
4 0.835238 0.178612 0.055238 0.077361
4 0.856508 0.695108 0.077460 0.120592
4 0.669841 0.692833 0.052063 0.095563
4 0.755556 0.692833 0.053333 0.088737
4 0.533016 0.212742 0.064127 0.116041
4 0.543810 0.404437 0.067937 0.126280
4 0.558413 0.554608 0.064127 0.117179
0 0.643810 0.182025 0.045714 0.086462
0 0.652381 0.325939 0.045079 0.101251
0 0.734603 0.328214 0.058413 0.114903
0 0.827619 0.321388 0.064127 0.112628
0 0.232063 0.230944 0.085714 0.161547
0 0.228571 0.447099 0.090159 0.184300
0 0.226349 0.650171 0.094603 0.189989
1 0.325397 0.233788 0.075556 0.133106
1 0.325397 0.451081 0.074286 0.121729
1 0.329524 0.631399 0.059683 0.102389
1 0.648571 0.415245 0.036190 0.063709
1 0.728889 0.416382 0.039365 0.061433
1 0.828254 0.416951 0.043810 0.080774
2 0.402857 0.236064 0.069206 0.137656
2 0.418095 0.435154 0.061587 0.128555
2 0.426667 0.610922 0.059683 0.138794
2 0.658095 0.490899 0.051429 0.087600
2 0.733333 0.486348 0.058413 0.089875
2 0.830476 0.492605 0.049524 0.084187
2 0.730794 0.184300 0.039365 0.077361
1 0.688889 0.182594 0.035556 0.076223
