34 0.896508 0.635950 0.073651 0.072810
34 0.752381 0.634812 0.069841 0.061433
34 0.633016 0.631399 0.067302 0.068259
34 0.953968 0.356086 0.045079 0.045506
34 0.527619 0.527873 0.053333 0.059158
34 0.515556 0.452787 0.048254 0.045506
34 0.503810 0.397042 0.045079 0.040956
33 0.904444 0.573948 0.094603 0.048919
33 0.754921 0.575085 0.093968 0.053470
33 0.630159 0.573948 0.075556 0.039818
33 0.896190 0.354949 0.053968 0.043231
33 0.458730 0.530717 0.060317 0.051195
33 0.452698 0.459613 0.058413 0.052332
33 0.443492 0.395336 0.051429 0.039818
32 0.904444 0.519340 0.103492 0.058020
32 0.758413 0.523891 0.098413 0.051195
32 0.630476 0.526735 0.083810 0.040956
32 0.803175 0.362344 0.093968 0.055745
32 0.372381 0.536974 0.084444 0.059158
32 0.366349 0.463595 0.082540 0.051195
32 0.355556 0.406712 0.077460 0.046644
31 0.752698 0.474403 0.084444 0.038680
31 0.889206 0.468146 0.083175 0.048919
31 0.632381 0.481797 0.086349 0.044369
31 0.701905 0.368601 0.080635 0.040956
31 0.231746 0.415245 0.071111 0.050057
31 0.242857 0.475540 0.074286 0.052332
31 0.238730 0.546075 0.086349 0.050057
30 0.883810 0.413538 0.073651 0.058020
30 0.733968 0.424346 0.068571 0.056883
30 0.623175 0.432878 0.064127 0.053470
30 0.620317 0.374289 0.054603 0.050057
30 0.130159 0.556314 0.068571 0.065984
30 0.147937 0.480091 0.063492 0.056883
30 0.151429 0.415813 0.056508 0.046644
