30 0.111746 0.511945 0.044444 0.043231
30 0.108889 0.569966 0.051429 0.059158
30 0.113333 0.648464 0.066667 0.061433
30 0.549206 0.462457 0.053333 0.046644
30 0.551746 0.527873 0.068571 0.059158
30 0.653651 0.523891 0.060317 0.053470
30 0.804127 0.506826 0.084444 0.055745
31 0.677460 0.575085 0.081270 0.048919
31 0.822222 0.563140 0.086349 0.047782
31 0.568889 0.582480 0.078730 0.043231
31 0.619683 0.461320 0.068571 0.051195
31 0.169524 0.509101 0.059683 0.046644
31 0.186667 0.569397 0.066032 0.046644
31 0.201905 0.639363 0.081270 0.065984
32 0.700000 0.621160 0.085714 0.052332
32 0.848889 0.621160 0.107937 0.056883
32 0.579048 0.624005 0.081270 0.039818
32 0.712381 0.451650 0.073651 0.040956
32 0.244444 0.506826 0.063492 0.046644
32 0.266984 0.559158 0.066667 0.048919
32 0.318730 0.635950 0.078730 0.068259
33 0.845079 0.672355 0.071111 0.036405
33 0.695556 0.672355 0.085714 0.045506
33 0.576190 0.664960 0.067937 0.032992
33 0.790476 0.436291 0.059683 0.044369
33 0.397778 0.625711 0.059048 0.047782
33 0.348254 0.554039 0.060317 0.040956
33 0.324444 0.493743 0.054603 0.038680
34 0.841905 0.717292 0.058413 0.060296
34 0.698413 0.721843 0.071111 0.060296
34 0.592381 0.707053 0.057143 0.048919
34 0.847937 0.436860 0.042540 0.047782
34 0.386984 0.489192 0.050159 0.050057
34 0.411111 0.550626 0.046349 0.056883
34 0.460317 0.629693 0.060952 0.064846
