30 0.414286 0.398180 0.069206 0.054608
30 0.587619 0.459613 0.050159 0.047782
30 0.504127 0.515358 0.067302 0.052332
30 0.514286 0.576792 0.071111 0.054608
30 0.351111 0.579636 0.072381 0.058020
30 0.672698 0.675199 0.059048 0.046644
31 0.411429 0.456200 0.085079 0.052332
31 0.726349 0.417520 0.059683 0.047782
31 0.588254 0.519909 0.065397 0.047782
31 0.665714 0.570535 0.076825 0.046644
31 0.556508 0.753697 0.081905 0.048919
31 0.355873 0.629693 0.080635 0.039818
32 0.351746 0.671786 0.073651 0.051195
32 0.531746 0.628555 0.084444 0.053470
32 0.696190 0.751991 0.073016 0.045506
32 0.500000 0.402730 0.073016 0.052332
32 0.501905 0.460182 0.074286 0.053470
33 0.533016 0.670648 0.066667 0.032992
33 0.680317 0.715586 0.062857 0.029579
33 0.723810 0.463595 0.066032 0.044369
33 0.664762 0.515358 0.071111 0.043231
33 0.586349 0.406143 0.055238 0.038680
33 0.355873 0.713879 0.073016 0.037543
34 0.349841 0.758817 0.064762 0.043231
34 0.540635 0.712742 0.056508 0.044369
34 0.666032 0.624573 0.060952 0.047782
34 0.650794 0.464164 0.046984 0.043231
34 0.657460 0.410694 0.038730 0.050057
32 0.416190 0.514790 0.083175 0.055745
34 0.728571 0.518203 0.042540 0.044369
