34 0.899365 0.635950 0.053968 0.045506
34 0.763492 0.636519 0.067937 0.048919
34 0.654603 0.629693 0.064762 0.039818
34 0.935238 0.364050 0.035556 0.045506
34 0.520317 0.548919 0.062857 0.055745
34 0.466984 0.472696 0.052698 0.062571
34 0.440635 0.396473 0.054603 0.051195
33 0.766984 0.588737 0.080000 0.048919
33 0.907937 0.593288 0.064762 0.044369
33 0.643175 0.589306 0.069841 0.038680
33 0.874921 0.365188 0.064762 0.038680
33 0.446032 0.546644 0.066667 0.046644
33 0.389524 0.465301 0.076825 0.050057
33 0.362222 0.398180 0.071746 0.045506
32 0.915873 0.540956 0.103492 0.055745
32 0.776508 0.541524 0.081270 0.052332
32 0.648254 0.547213 0.090159 0.038680
32 0.791746 0.370307 0.083810 0.048919
32 0.352063 0.551195 0.098413 0.073948
32 0.300000 0.472127 0.074286 0.045506
32 0.257143 0.408419 0.085079 0.054608
31 0.638095 0.501706 0.080000 0.045506
31 0.755556 0.493174 0.090159 0.044369
31 0.902857 0.489192 0.076190 0.038680
31 0.698095 0.375995 0.079365 0.048919
31 0.188889 0.472696 0.086984 0.058020
31 0.216825 0.560296 0.102222 0.058020
31 0.165714 0.410694 0.083810 0.043231
30 0.623492 0.378840 0.064762 0.052332
30 0.626349 0.451081 0.073016 0.055745
30 0.736825 0.444255 0.062857 0.058020
30 0.884762 0.436860 0.075556 0.059158
30 0.084762 0.410125 0.057778 0.055745
30 0.085079 0.480091 0.069841 0.065984
30 0.096825 0.561433 0.071746 0.067122
