30 0.080000 0.560865 0.067302 0.070535
30 0.091746 0.481229 0.075556 0.065984
30 0.090476 0.409556 0.061587 0.047782
30 0.616190 0.386234 0.057778 0.046644
30 0.620635 0.445961 0.067937 0.059158
30 0.728889 0.444255 0.067302 0.058020
30 0.866349 0.435722 0.071746 0.059158
31 0.633016 0.497156 0.090159 0.040956
31 0.749524 0.489761 0.081905 0.046644
31 0.874286 0.489761 0.076190 0.051195
31 0.696825 0.382821 0.086984 0.044369
31 0.210476 0.474972 0.097143 0.058020
31 0.214286 0.558020 0.107302 0.053470
31 0.187937 0.410125 0.097778 0.053470
32 0.635238 0.542093 0.089524 0.046644
32 0.758095 0.539249 0.085079 0.054608
32 0.886667 0.540956 0.089524 0.053470
32 0.796825 0.389078 0.081270 0.043231
32 0.330159 0.405006 0.092698 0.061433
32 0.345079 0.466439 0.103492 0.063709
32 0.362857 0.543800 0.098413 0.072810
33 0.455556 0.542662 0.064127 0.052332
33 0.446984 0.457338 0.066032 0.047782
33 0.427302 0.406712 0.067302 0.046644
33 0.875238 0.382253 0.051429 0.038680
33 0.885397 0.589875 0.078095 0.039818
33 0.755556 0.588737 0.080000 0.044369
33 0.640952 0.587031 0.073016 0.038680
34 0.882540 0.647895 0.067302 0.062571
34 0.926984 0.382821 0.041905 0.044369
34 0.754921 0.639932 0.064762 0.058020
34 0.643175 0.644482 0.068571 0.060296
34 0.530794 0.543800 0.066032 0.070535
34 0.513016 0.465301 0.057143 0.056883
34 0.496508 0.398749 0.045714 0.053470
