30 0.331746 0.316268 0.081905 0.059158
30 0.436508 0.445392 0.067937 0.058020
30 0.531429 0.379408 0.062222 0.064846
30 0.623492 0.618316 0.062222 0.046644
30 0.454603 0.510239 0.077460 0.048919
30 0.274603 0.517634 0.069206 0.063709
31 0.620317 0.502844 0.095238 0.050057
31 0.493333 0.697952 0.090159 0.048919
31 0.289841 0.571672 0.085714 0.035267
31 0.688571 0.320819 0.071746 0.054608
31 0.336508 0.377702 0.090159 0.056883
31 0.536190 0.442548 0.071746 0.054608
32 0.641270 0.693970 0.088889 0.047782
32 0.473016 0.564846 0.093968 0.048919
32 0.284762 0.612059 0.078095 0.043231
32 0.433016 0.384528 0.085079 0.054608
32 0.342857 0.452218 0.088889 0.064846
32 0.427937 0.321957 0.087619 0.056883
33 0.627302 0.655290 0.077460 0.027304
33 0.475873 0.609215 0.083175 0.039818
33 0.288254 0.654721 0.074921 0.035267
33 0.618095 0.437998 0.078095 0.050057
33 0.692381 0.374289 0.074286 0.043231
33 0.527619 0.320250 0.073651 0.046644
34 0.609206 0.319681 0.052698 0.059158
34 0.606984 0.382821 0.058413 0.053470
34 0.695556 0.444824 0.048889 0.056883
34 0.620317 0.563140 0.068571 0.061433
34 0.478730 0.650739 0.059683 0.047782
34 0.283175 0.697383 0.060952 0.043231
