30 0.127619 0.407850 0.081270 0.058020
30 0.121905 0.478385 0.086349 0.067122
30 0.107619 0.566553 0.085714 0.079636
30 0.653333 0.406712 0.053333 0.042093
30 0.667302 0.460751 0.063492 0.059158
30 0.766984 0.457907 0.064762 0.055745
30 0.892063 0.456769 0.067302 0.051195
31 0.902540 0.505688 0.067937 0.046644
31 0.792063 0.507964 0.079365 0.042093
31 0.683175 0.506826 0.083810 0.037543
31 0.232381 0.411263 0.099048 0.058020
31 0.730476 0.403868 0.073016 0.045506
31 0.248571 0.471559 0.099683 0.051195
31 0.251746 0.558020 0.125079 0.060296
32 0.379365 0.413538 0.097143 0.055745
32 0.399365 0.472696 0.097778 0.060296
32 0.417460 0.554608 0.099683 0.069397
32 0.688889 0.553470 0.088889 0.042093
32 0.806349 0.552332 0.082540 0.046644
32 0.822222 0.410694 0.072381 0.045506
32 0.923175 0.553470 0.081270 0.055745
33 0.891429 0.408987 0.046984 0.037543
33 0.931111 0.600683 0.073016 0.043231
33 0.810476 0.594425 0.079365 0.046644
33 0.695238 0.597838 0.077460 0.039818
33 0.513016 0.550057 0.071111 0.051195
33 0.497460 0.472127 0.061587 0.059158
33 0.483810 0.412400 0.059683 0.051195
34 0.583492 0.548350 0.059683 0.063709
34 0.562222 0.474403 0.046349 0.052332
34 0.541587 0.416382 0.043175 0.047782
34 0.700317 0.648464 0.064762 0.050057
34 0.810476 0.654152 0.061587 0.059158
34 0.934286 0.657565 0.065397 0.061433
