30 0.072063 0.420933 0.055238 0.068259
30 0.076825 0.494881 0.069841 0.068259
30 0.088254 0.582480 0.081270 0.088737
30 0.613651 0.391923 0.057778 0.062571
30 0.615873 0.464733 0.060952 0.053470
30 0.722857 0.453925 0.060317 0.059158
30 0.873333 0.445392 0.062857 0.055745
31 0.683810 0.383959 0.064762 0.042093
31 0.633968 0.514221 0.071746 0.045506
31 0.742540 0.507395 0.093333 0.040956
31 0.893016 0.501138 0.083175 0.042093
31 0.181587 0.485779 0.083810 0.045506
31 0.201270 0.568828 0.090159 0.061433
31 0.147302 0.424915 0.085079 0.058020
32 0.245397 0.418658 0.088254 0.056883
32 0.290159 0.481229 0.081270 0.054608
32 0.342857 0.566553 0.093968 0.075085
32 0.787937 0.385097 0.082540 0.055745
32 0.767937 0.554039 0.083175 0.050057
32 0.639365 0.556883 0.086349 0.046644
32 0.909841 0.555176 0.105397 0.052332
33 0.866032 0.372582 0.062222 0.051195
33 0.900000 0.600114 0.065397 0.037543
33 0.442540 0.554608 0.060952 0.051195
33 0.378413 0.481229 0.068571 0.054608
33 0.349841 0.412969 0.077460 0.040956
33 0.759365 0.601820 0.077460 0.036405
33 0.637778 0.597838 0.067937 0.039818
34 0.891746 0.644482 0.052698 0.051195
34 0.759365 0.646758 0.057143 0.055745
34 0.647937 0.643345 0.066667 0.048919
34 0.924444 0.378840 0.039365 0.040956
34 0.508889 0.558020 0.052698 0.060296
34 0.455873 0.478385 0.057143 0.060296
34 0.427302 0.408419 0.058413 0.050057
