34 0.712063 0.498862 0.048889 0.046644
34 0.633016 0.449374 0.044444 0.045506
34 0.635556 0.407850 0.041905 0.039818
34 0.642540 0.601820 0.054603 0.054608
34 0.505079 0.676906 0.056508 0.038680
34 0.302222 0.723549 0.063492 0.050057
33 0.650794 0.681456 0.074921 0.031854
33 0.501587 0.641069 0.080000 0.035267
33 0.308254 0.682594 0.078095 0.029579
33 0.643492 0.500000 0.071746 0.039818
33 0.706032 0.448237 0.068571 0.036405
33 0.564444 0.403868 0.055873 0.034130
32 0.668254 0.722412 0.088254 0.043231
32 0.502540 0.598976 0.083175 0.044369
32 0.314921 0.645620 0.078730 0.046644
32 0.481587 0.452218 0.070476 0.046644
32 0.480000 0.404437 0.073651 0.046644
32 0.392063 0.496018 0.075556 0.061433
31 0.564762 0.498862 0.064127 0.039818
31 0.392381 0.443117 0.071111 0.042093
31 0.321587 0.599545 0.071746 0.040956
31 0.511746 0.718999 0.080000 0.036405
31 0.643175 0.551763 0.085079 0.043231
31 0.706349 0.406143 0.062857 0.040956
30 0.645714 0.647895 0.054603 0.037543
30 0.490159 0.552901 0.066032 0.050057
30 0.326349 0.557452 0.064762 0.040956
30 0.476825 0.498294 0.055873 0.047782
30 0.564762 0.447099 0.050159 0.045506
30 0.396190 0.402730 0.066032 0.040956
