30 0.333333 0.312856 0.088889 0.072810
30 0.550476 0.383390 0.063492 0.059158
30 0.449524 0.453925 0.066032 0.065984
30 0.467302 0.527304 0.073651 0.067122
30 0.647302 0.638794 0.061587 0.048919
30 0.273016 0.531854 0.087619 0.062571
31 0.729524 0.317406 0.082540 0.054608
31 0.339683 0.385666 0.097778 0.061433
31 0.553333 0.457338 0.080635 0.056883
31 0.639365 0.519909 0.088889 0.054608
31 0.285397 0.589306 0.081905 0.045506
31 0.504127 0.725256 0.085079 0.053470
32 0.438413 0.317975 0.099683 0.062571
32 0.447302 0.384528 0.097143 0.065984
32 0.344444 0.455063 0.099683 0.068259
32 0.486667 0.585324 0.098413 0.055745
32 0.283175 0.635950 0.086349 0.054608
32 0.663175 0.724687 0.092063 0.052332
33 0.728254 0.374858 0.087619 0.062571
33 0.546349 0.319113 0.076825 0.058020
33 0.643492 0.452218 0.083175 0.062571
33 0.486349 0.630262 0.085079 0.038680
33 0.287619 0.682594 0.085079 0.034130
34 0.639683 0.582480 0.066667 0.061433
34 0.491111 0.675768 0.064127 0.047782
34 0.282222 0.723549 0.065397 0.047782
34 0.644444 0.325370 0.054603 0.052332
34 0.632381 0.385097 0.062222 0.060296
34 0.730159 0.455631 0.062222 0.069397
33 0.650159 0.680319 0.080000 0.031854
