34 0.627302 0.366325 0.050794 0.054608
34 0.625714 0.423777 0.053968 0.053470
34 0.709206 0.477247 0.045714 0.053470
34 0.634603 0.586462 0.061587 0.055745
34 0.504444 0.670648 0.055238 0.046644
34 0.331429 0.711035 0.050794 0.047782
33 0.640952 0.675768 0.071746 0.034130
33 0.503492 0.631968 0.072381 0.032992
33 0.336825 0.670648 0.065397 0.032992
33 0.635873 0.477816 0.074286 0.047782
33 0.701905 0.413538 0.073016 0.051195
33 0.554286 0.367463 0.067302 0.047782
32 0.650159 0.713879 0.086349 0.046644
32 0.505397 0.589875 0.076190 0.048919
32 0.338730 0.632537 0.067937 0.040956
32 0.391111 0.486917 0.076190 0.056883
32 0.471429 0.428896 0.069206 0.047782
32 0.470476 0.373720 0.077460 0.046644
31 0.636508 0.533561 0.083175 0.045506
31 0.561270 0.477816 0.063492 0.043231
31 0.703175 0.367463 0.075556 0.050057
31 0.514603 0.713879 0.070476 0.046644
31 0.343492 0.595563 0.069841 0.035267
30 0.637778 0.637656 0.057778 0.044369
30 0.559683 0.421502 0.053968 0.051195
30 0.487937 0.540956 0.066667 0.051195
30 0.336825 0.548350 0.066667 0.047782
30 0.474921 0.482935 0.058413 0.048919
30 0.385397 0.374858 0.068571 0.044369
31 0.391746 0.424915 0.077460 0.042093
