34 0.683810 0.625711 0.063492 0.054608
34 0.805079 0.630830 0.066032 0.055745
34 0.941905 0.630830 0.073016 0.060296
34 0.924127 0.423777 0.032381 0.028441
34 0.566032 0.542662 0.059048 0.052332
34 0.548254 0.482935 0.048889 0.037543
34 0.530794 0.435722 0.036825 0.031854
33 0.934286 0.581911 0.083175 0.042093
33 0.797778 0.573948 0.088254 0.042093
33 0.682222 0.579636 0.074286 0.035267
33 0.876825 0.423777 0.043175 0.028441
33 0.493968 0.542093 0.063492 0.035267
33 0.486349 0.476109 0.058413 0.032992
33 0.475238 0.434016 0.055238 0.028441
32 0.672381 0.538111 0.085079 0.036405
32 0.794603 0.533561 0.094603 0.040956
32 0.922857 0.538111 0.090794 0.040956
32 0.385397 0.435154 0.086349 0.051195
32 0.392698 0.481229 0.094603 0.045506
32 0.401587 0.545506 0.092063 0.046644
32 0.805714 0.425484 0.074921 0.038680
31 0.665714 0.502844 0.090794 0.029579
31 0.778730 0.498862 0.076825 0.030717
31 0.896508 0.500000 0.076190 0.037543
31 0.712063 0.422639 0.073016 0.032992
31 0.252381 0.552332 0.104762 0.062571
31 0.259365 0.489192 0.080635 0.038680
31 0.251111 0.437429 0.076825 0.051195
30 0.649524 0.466439 0.057143 0.036405
30 0.752698 0.464164 0.075556 0.040956
30 0.882857 0.460182 0.062857 0.044369
30 0.639683 0.422071 0.046349 0.038680
30 0.161587 0.440273 0.057778 0.036405
30 0.147302 0.491468 0.067302 0.050057
30 0.119365 0.563140 0.072381 0.054608
