30 0.614603 0.454494 0.057143 0.042093
30 0.617460 0.514790 0.067937 0.046644
30 0.723492 0.506257 0.055238 0.054608
30 0.863492 0.500000 0.072381 0.058020
30 0.104762 0.468714 0.048254 0.050057
30 0.084127 0.527873 0.062857 0.056883
30 0.066667 0.610353 0.080000 0.062571
31 0.683810 0.452787 0.069841 0.045506
31 0.632381 0.555176 0.074921 0.038680
31 0.747619 0.554608 0.093333 0.042093
31 0.893968 0.550626 0.076190 0.040956
31 0.175873 0.472696 0.078730 0.046644
31 0.187937 0.524460 0.086349 0.040956
31 0.190476 0.606371 0.104127 0.070535
32 0.772063 0.598976 0.091429 0.044369
32 0.915556 0.601251 0.111746 0.062571
32 0.640000 0.597838 0.091429 0.046644
32 0.775238 0.449374 0.073651 0.054608
32 0.272381 0.466439 0.074921 0.047782
32 0.295556 0.524460 0.076825 0.045506
32 0.334603 0.605233 0.093968 0.070535
33 0.766349 0.645620 0.083810 0.051195
33 0.911746 0.647327 0.073651 0.045506
33 0.850794 0.444824 0.058413 0.045506
33 0.635238 0.637088 0.065397 0.038680
33 0.430159 0.594425 0.071746 0.046644
33 0.380317 0.521047 0.072381 0.045506
33 0.368571 0.461320 0.067937 0.037543
34 0.903175 0.450512 0.042540 0.045506
34 0.914921 0.697952 0.058413 0.055745
34 0.767302 0.699090 0.075556 0.051195
34 0.644127 0.688851 0.066667 0.055745
34 0.501270 0.598407 0.066667 0.061433
34 0.462222 0.522184 0.048254 0.056883
34 0.443492 0.464164 0.046349 0.043231
