34 0.534286 0.531286 0.059048 0.063709
34 0.516190 0.453925 0.044444 0.054608
34 0.498413 0.396473 0.041905 0.046644
34 0.642222 0.631399 0.059048 0.052332
34 0.753333 0.631968 0.052698 0.055745
34 0.876190 0.630262 0.072381 0.065984
34 0.929206 0.377133 0.038730 0.039818
33 0.885714 0.575085 0.077460 0.042093
33 0.757460 0.577929 0.086349 0.043231
33 0.639048 0.583618 0.078095 0.040956
33 0.879048 0.370307 0.056508 0.042093
33 0.462222 0.539249 0.068571 0.050057
33 0.450476 0.456769 0.061587 0.051195
33 0.432063 0.399317 0.060317 0.045506
32 0.886349 0.530148 0.090159 0.052332
32 0.758413 0.530148 0.089524 0.050057
32 0.635556 0.530148 0.082540 0.050057
32 0.795556 0.375995 0.086349 0.051195
32 0.353651 0.462457 0.096508 0.060296
32 0.371746 0.540956 0.103492 0.060296
32 0.338730 0.400455 0.086984 0.056883
31 0.874921 0.478385 0.076190 0.044369
31 0.747937 0.484073 0.083810 0.039818
31 0.631429 0.486917 0.090794 0.040956
31 0.697143 0.375995 0.083810 0.042093
31 0.230159 0.546644 0.103492 0.058020
31 0.220952 0.470421 0.087619 0.051195
31 0.196190 0.407850 0.096508 0.053470
30 0.625714 0.441411 0.064127 0.059158
30 0.727302 0.431741 0.059048 0.060296
30 0.862857 0.426621 0.063492 0.059158
30 0.616825 0.380546 0.057778 0.046644
30 0.099365 0.405575 0.069206 0.062571
30 0.101270 0.476678 0.061587 0.077361
30 0.102540 0.558589 0.055238 0.061433
