34 0.919365 0.719568 0.043175 0.046644
34 0.809524 0.721274 0.055873 0.054608
34 0.711429 0.715586 0.053968 0.050057
34 0.591746 0.631399 0.045714 0.061433
34 0.547302 0.555176 0.045714 0.056883
34 0.520635 0.491468 0.049524 0.047782
34 0.927619 0.480660 0.034286 0.037543
33 0.924762 0.675768 0.048889 0.029579
33 0.811429 0.672924 0.067302 0.044369
33 0.703492 0.669511 0.057143 0.032992
33 0.882222 0.482935 0.048889 0.035267
33 0.527937 0.626280 0.059048 0.048919
33 0.474286 0.548350 0.063492 0.043231
33 0.451111 0.487486 0.060317 0.051195
32 0.707619 0.629693 0.076825 0.044369
32 0.813333 0.629124 0.067302 0.043231
32 0.927937 0.631968 0.084444 0.058020
32 0.824127 0.481797 0.066032 0.042093
32 0.355556 0.490899 0.081270 0.048919
32 0.392698 0.544369 0.074286 0.051195
32 0.437778 0.633106 0.089524 0.073948
31 0.700000 0.587600 0.069206 0.042093
31 0.796825 0.585893 0.080000 0.040956
31 0.912063 0.581911 0.060317 0.042093
31 0.739365 0.478953 0.067937 0.045506
31 0.260635 0.492036 0.088254 0.051195
31 0.286349 0.550057 0.081270 0.053470
31 0.302540 0.637656 0.103492 0.069397
30 0.686984 0.548350 0.060952 0.043231
30 0.776508 0.541524 0.053333 0.054608
30 0.893651 0.536405 0.057778 0.048919
30 0.678413 0.477816 0.051429 0.052332
30 0.181587 0.485210 0.058413 0.058020
30 0.181587 0.556883 0.064762 0.067122
30 0.169206 0.641638 0.073016 0.075085
