9 0.539048 0.549488 0.048254 0.104664
9 0.533016 0.358362 0.053968 0.088737
9 0.529524 0.211035 0.052063 0.083049
9 0.766984 0.241752 0.022857 0.060296
9 0.684444 0.667235 0.039365 0.083049
9 0.746349 0.669511 0.034921 0.076223
9 0.810794 0.668373 0.040635 0.073948
8 0.679365 0.584187 0.041905 0.062571
8 0.741270 0.579636 0.042540 0.076223
8 0.805714 0.588737 0.048254 0.069397
8 0.739365 0.230375 0.033651 0.067122
8 0.466984 0.197383 0.065397 0.094425
8 0.473651 0.352105 0.059683 0.101251
8 0.472698 0.550057 0.070476 0.105802
7 0.673651 0.515927 0.033016 0.062571
7 0.731746 0.505119 0.022222 0.050057
7 0.792381 0.517634 0.022857 0.050057
7 0.712381 0.226394 0.024127 0.059158
6 0.689524 0.224687 0.024127 0.058020
6 0.672698 0.428328 0.032381 0.092150
6 0.722540 0.430034 0.034286 0.088737
6 0.782857 0.437998 0.036825 0.091013
6 0.362222 0.569397 0.060317 0.146758
6 0.360000 0.359499 0.048254 0.127418
6 0.346032 0.183732 0.053333 0.135381
7 0.406032 0.191695 0.041270 0.114903
7 0.415238 0.358362 0.039365 0.113766
7 0.409841 0.562571 0.037460 0.096701
5 0.662222 0.344710 0.039365 0.077361
5 0.720952 0.339590 0.038730 0.078498
5 0.779365 0.344710 0.040000 0.063709
5 0.656508 0.214448 0.038095 0.067122
5 0.254286 0.350967 0.098413 0.144482
5 0.254921 0.578498 0.093333 0.160410
5 0.264444 0.170080 0.081905 0.126280
