5 0.572698 0.201934 0.040635 0.076223
5 0.585079 0.302617 0.042540 0.088737
5 0.653651 0.307736 0.053968 0.087600
5 0.726667 0.317975 0.046349 0.094425
5 0.154286 0.156997 0.083810 0.141069
5 0.156190 0.340728 0.104127 0.146758
5 0.141905 0.555745 0.121270 0.194539
6 0.614603 0.220137 0.033016 0.073948
6 0.595238 0.402730 0.037460 0.104664
6 0.658730 0.414107 0.042540 0.102389
6 0.740952 0.422071 0.040635 0.093288
6 0.243175 0.182025 0.053333 0.131968
6 0.256508 0.363481 0.053333 0.139932
6 0.269524 0.546075 0.062857 0.145620
7 0.300952 0.192264 0.039365 0.116041
7 0.315238 0.358362 0.038730 0.122867
7 0.322857 0.536974 0.036190 0.104664
7 0.595238 0.502275 0.028571 0.073948
7 0.673651 0.501138 0.025397 0.060296
7 0.747937 0.519340 0.030476 0.071672
8 0.676190 0.220137 0.041905 0.062571
7 0.641905 0.221274 0.024127 0.060296
8 0.602540 0.581342 0.057143 0.081911
8 0.680952 0.577361 0.047619 0.064846
8 0.762857 0.608077 0.055238 0.092150
8 0.378413 0.196815 0.085079 0.125142
8 0.390159 0.356086 0.083175 0.118316
8 0.397460 0.525028 0.069841 0.105802
9 0.714921 0.237201 0.025397 0.062571
9 0.606984 0.680319 0.057143 0.100114
9 0.686667 0.681456 0.048889 0.109215
9 0.766349 0.722981 0.049524 0.105802
9 0.469524 0.526166 0.052698 0.105802
9 0.462540 0.370307 0.052698 0.096701
9 0.467937 0.217292 0.054603 0.097838
