9 0.707937 0.532423 0.109206 0.081911
9 0.504127 0.716155 0.095238 0.069397
9 0.530476 0.857793 0.094603 0.065984
9 0.277143 0.857793 0.080635 0.052332
9 0.693016 0.422071 0.060317 0.070535
9 0.596825 0.332765 0.073651 0.073948
9 0.598730 0.245165 0.063492 0.078498
8 0.731429 0.604096 0.109206 0.072810
8 0.541587 0.783845 0.105397 0.065984
8 0.279365 0.788965 0.121905 0.067122
8 0.599365 0.419226 0.091429 0.078498
8 0.709524 0.335609 0.109841 0.081911
8 0.481270 0.245165 0.120635 0.085324
7 0.361587 0.246303 0.070476 0.092150
7 0.360000 0.342435 0.067302 0.075085
7 0.276825 0.441980 0.059683 0.078498
7 0.253016 0.731513 0.056508 0.054608
7 0.486349 0.627418 0.063492 0.073948
7 0.718413 0.695108 0.059048 0.063709
6 0.754603 0.843572 0.097143 0.071672
6 0.245714 0.649033 0.076190 0.092150
6 0.251111 0.341866 0.089524 0.092150
6 0.490794 0.430034 0.092698 0.091013
6 0.700000 0.245165 0.079365 0.098976
5 0.373016 0.427759 0.086984 0.086462
5 0.487302 0.331058 0.128889 0.077361
5 0.249524 0.240614 0.119365 0.096701
5 0.253016 0.559727 0.131429 0.088737
5 0.492381 0.547213 0.123810 0.086462
5 0.747302 0.755404 0.124444 0.077361
