9 0.491429 0.527873 0.060952 0.113766
9 0.481587 0.361775 0.059048 0.095563
9 0.485714 0.204209 0.055873 0.094425
9 0.775556 0.170080 0.032381 0.060296
9 0.639365 0.683732 0.057143 0.106940
9 0.727619 0.679750 0.057143 0.110353
9 0.825397 0.711035 0.062222 0.116041
8 0.825714 0.579067 0.067937 0.109215
8 0.725397 0.560296 0.061587 0.085324
8 0.632381 0.577929 0.058413 0.093288
7 0.808889 0.476678 0.033016 0.079636
7 0.717778 0.476109 0.041270 0.076223
7 0.625714 0.487486 0.038730 0.073948
7 0.679365 0.165529 0.027937 0.069397
7 0.348254 0.558589 0.043810 0.111490
7 0.336825 0.382253 0.041270 0.106940
7 0.323175 0.208760 0.035556 0.114903
8 0.728889 0.154721 0.048254 0.072810
8 0.394286 0.201365 0.086349 0.102389
8 0.405079 0.368601 0.081270 0.109215
8 0.418095 0.534130 0.070476 0.096701
6 0.632063 0.382821 0.041270 0.112628
6 0.705397 0.373151 0.045714 0.118316
6 0.798413 0.371445 0.050159 0.119454
6 0.650159 0.170080 0.033016 0.073948
6 0.266984 0.212742 0.053968 0.120592
6 0.281587 0.390216 0.056508 0.136519
6 0.292063 0.564846 0.060952 0.139932
5 0.604127 0.158703 0.050159 0.080774
5 0.616825 0.270193 0.060317 0.096701
5 0.700952 0.259386 0.059683 0.091013
5 0.793016 0.257110 0.059683 0.106940
5 0.186349 0.211035 0.080635 0.128555
5 0.189524 0.383959 0.095873 0.139932
5 0.176190 0.582480 0.111111 0.150171
