9 0.855238 0.149033 0.035556 0.070535
9 0.902540 0.758817 0.055238 0.088737
9 0.789524 0.762799 0.055238 0.089875
9 0.696508 0.763936 0.048254 0.094425
9 0.490476 0.614903 0.056508 0.124005
9 0.491111 0.364050 0.065397 0.122867
9 0.491429 0.168942 0.063492 0.108077
8 0.896825 0.639932 0.061587 0.098976
8 0.792381 0.633675 0.069841 0.111490
8 0.695238 0.646758 0.053333 0.094425
8 0.809524 0.142776 0.050794 0.083049
8 0.410794 0.166667 0.081270 0.137656
8 0.409206 0.365188 0.074286 0.134243
8 0.412381 0.613766 0.094603 0.137656
7 0.780952 0.534699 0.040635 0.081911
7 0.883175 0.543800 0.050794 0.088737
7 0.688571 0.551763 0.041270 0.079636
7 0.329206 0.171217 0.055238 0.128555
7 0.338413 0.372014 0.048254 0.120592
7 0.328254 0.620592 0.041905 0.105802
7 0.771111 0.143914 0.027302 0.071672
6 0.734286 0.143345 0.036190 0.091013
6 0.691429 0.435722 0.044444 0.125142
6 0.775556 0.427190 0.043810 0.130830
6 0.873016 0.424346 0.053333 0.116041
6 0.260000 0.176337 0.061587 0.145620
6 0.269524 0.393629 0.056508 0.141069
6 0.271746 0.643345 0.060952 0.167235
5 0.683810 0.144482 0.058413 0.086462
5 0.684127 0.317975 0.055238 0.096701
5 0.776508 0.299204 0.060952 0.102389
5 0.872381 0.295791 0.063492 0.095563
5 0.157460 0.393060 0.093968 0.160410
5 0.152063 0.650171 0.097143 0.174061
5 0.169206 0.180887 0.085714 0.145620
