5 0.285714 0.241183 0.120635 0.088737
5 0.316190 0.552332 0.135873 0.083049
5 0.557778 0.539818 0.123810 0.087600
5 0.815873 0.744596 0.125714 0.064846
6 0.828889 0.821388 0.099683 0.079636
6 0.322857 0.643914 0.086984 0.093288
6 0.539683 0.423208 0.087619 0.088737
6 0.291746 0.341297 0.103492 0.100114
6 0.743810 0.237770 0.081905 0.095563
5 0.424762 0.429465 0.083810 0.089875
5 0.527937 0.324232 0.120000 0.079636
7 0.401270 0.237770 0.071111 0.086462
7 0.399683 0.332765 0.074286 0.067122
7 0.329841 0.444824 0.073016 0.070535
7 0.333968 0.722412 0.059683 0.052332
7 0.552698 0.623436 0.071746 0.068259
7 0.788889 0.681456 0.067937 0.068259
8 0.759365 0.321957 0.109206 0.061433
8 0.520000 0.236064 0.116825 0.080774
8 0.653651 0.414107 0.100952 0.079636
8 0.616508 0.771900 0.107937 0.064846
8 0.362540 0.781570 0.123175 0.068259
9 0.763810 0.520478 0.100317 0.073948
9 0.746032 0.413538 0.055873 0.069397
9 0.641587 0.321957 0.086984 0.070535
9 0.641587 0.234357 0.066667 0.081911
9 0.614286 0.844141 0.099683 0.068259
9 0.576190 0.697383 0.086984 0.079636
9 0.354286 0.852673 0.088889 0.058020
8 0.793968 0.594425 0.114921 0.076223
