5 0.280952 0.256542 0.060317 0.108077
5 0.267302 0.402730 0.062222 0.116041
5 0.259048 0.585324 0.066032 0.121729
5 0.649206 0.171786 0.056508 0.084187
5 0.646984 0.313424 0.046984 0.080774
5 0.729841 0.295222 0.062857 0.092150
5 0.822540 0.279863 0.067937 0.095563
6 0.337460 0.245165 0.041270 0.108077
6 0.342222 0.402730 0.039365 0.111490
6 0.338413 0.577929 0.041905 0.125142
6 0.653016 0.410125 0.038730 0.103527
6 0.728571 0.402730 0.040000 0.113766
6 0.820635 0.390216 0.046349 0.106940
6 0.695873 0.171217 0.033016 0.069397
7 0.726984 0.162685 0.027937 0.063709
7 0.730159 0.492036 0.033016 0.067122
7 0.829206 0.493174 0.034286 0.083049
7 0.651429 0.507395 0.034286 0.068259
7 0.388254 0.383390 0.032381 0.097838
7 0.385714 0.234357 0.038730 0.097838
7 0.375873 0.568259 0.027937 0.073948
8 0.441905 0.224687 0.055873 0.089875
8 0.440000 0.377133 0.054603 0.098976
8 0.433016 0.562571 0.053333 0.103527
8 0.653333 0.581911 0.041905 0.071672
8 0.743492 0.579636 0.068571 0.089875
8 0.841587 0.581911 0.057778 0.080774
8 0.764127 0.153584 0.041270 0.068259
9 0.805397 0.149033 0.031111 0.059158
9 0.737460 0.684300 0.046349 0.080774
9 0.844127 0.689420 0.059048 0.086462
9 0.650476 0.678612 0.048889 0.089875
9 0.491429 0.556883 0.049524 0.101251
9 0.495556 0.370307 0.047619 0.094425
9 0.501270 0.218430 0.047619 0.079636
