5 0.166349 0.179181 0.083810 0.151308
5 0.155238 0.394198 0.100952 0.155859
5 0.150476 0.654721 0.092698 0.180887
5 0.686667 0.322526 0.055238 0.096701
5 0.779365 0.305461 0.061587 0.103527
5 0.874603 0.295791 0.065397 0.104664
5 0.682857 0.141638 0.056508 0.089875
6 0.737143 0.139932 0.038095 0.091013
6 0.692381 0.437429 0.042540 0.119454
6 0.778730 0.434016 0.046349 0.128555
6 0.875238 0.423777 0.046349 0.126280
6 0.254921 0.176337 0.061587 0.156997
6 0.271111 0.395904 0.050794 0.150171
6 0.275873 0.643914 0.055238 0.170648
7 0.773968 0.139932 0.030476 0.079636
7 0.779365 0.538680 0.032381 0.073948
7 0.883492 0.547213 0.034921 0.079636
7 0.689206 0.555745 0.036190 0.083049
7 0.329524 0.168942 0.057143 0.135381
7 0.340952 0.376564 0.045714 0.131968
7 0.326032 0.625142 0.038730 0.110353
8 0.814603 0.139932 0.043175 0.075085
8 0.788889 0.638225 0.065397 0.102389
8 0.895556 0.642776 0.060317 0.100114
8 0.689524 0.648464 0.046984 0.079636
8 0.413968 0.369738 0.072381 0.120592
8 0.414921 0.164960 0.086984 0.129693
8 0.415556 0.612628 0.093333 0.149033
9 0.495238 0.166667 0.063492 0.096701
9 0.492381 0.369738 0.057778 0.113766
9 0.492063 0.613197 0.062222 0.118316
9 0.694603 0.765643 0.046984 0.100114
9 0.784444 0.763367 0.055238 0.091013
9 0.901905 0.762230 0.057778 0.093288
9 0.859683 0.142207 0.035556 0.072810
