9 0.820635 0.572241 0.057778 0.118316
9 0.716825 0.535267 0.058413 0.096701
9 0.628571 0.545506 0.059683 0.089875
9 0.488254 0.414676 0.060952 0.105802
9 0.478095 0.287827 0.050794 0.079636
9 0.483492 0.174630 0.052698 0.069397
9 0.739683 0.155859 0.026667 0.045506
8 0.812063 0.459613 0.064762 0.086462
8 0.712698 0.447099 0.059048 0.072810
8 0.624762 0.456769 0.052063 0.073948
8 0.414921 0.420364 0.061587 0.085324
8 0.409524 0.291240 0.081270 0.091013
8 0.405397 0.176337 0.076825 0.086462
8 0.699048 0.151877 0.043175 0.055745
7 0.703492 0.374289 0.035556 0.056883
7 0.787937 0.377702 0.030476 0.061433
7 0.612698 0.388510 0.034286 0.060296
7 0.342540 0.299204 0.034921 0.086462
7 0.346349 0.431741 0.040000 0.089875
7 0.340317 0.178612 0.036825 0.079636
7 0.659048 0.152446 0.021587 0.045506
6 0.772063 0.296928 0.041905 0.086462
6 0.684762 0.302617 0.042540 0.081911
6 0.616825 0.300910 0.042540 0.083049
6 0.630476 0.152446 0.033016 0.061433
6 0.293968 0.180319 0.043175 0.092150
6 0.293968 0.305461 0.045714 0.103527
6 0.295556 0.443686 0.052698 0.106940
5 0.589841 0.149033 0.035556 0.052332
5 0.602222 0.220705 0.048889 0.072810
5 0.675873 0.220705 0.055238 0.063709
5 0.760000 0.217292 0.055873 0.065984
5 0.215873 0.172355 0.077460 0.101251
5 0.206667 0.294653 0.092063 0.109215
5 0.187937 0.449374 0.104127 0.134243
