9 0.709206 0.729807 0.068571 0.108077
9 0.613968 0.691695 0.053333 0.106940
9 0.531111 0.703072 0.052698 0.093288
9 0.666349 0.208191 0.031111 0.059158
9 0.403810 0.274744 0.046984 0.069397
9 0.401905 0.421502 0.046984 0.085324
9 0.406032 0.563709 0.052698 0.101251
8 0.713016 0.604096 0.066032 0.104664
8 0.614286 0.588168 0.052698 0.070535
8 0.530159 0.600683 0.048254 0.079636
8 0.621270 0.203072 0.048889 0.060296
8 0.326667 0.284414 0.070476 0.097838
8 0.336508 0.428328 0.069841 0.105802
8 0.344444 0.570535 0.059048 0.103527
7 0.578413 0.215586 0.026667 0.062571
7 0.524127 0.521047 0.028571 0.070535
7 0.610794 0.506257 0.026667 0.075085
7 0.694603 0.505119 0.027937 0.081911
7 0.270159 0.295791 0.028571 0.084187
7 0.276508 0.442548 0.036190 0.093288
7 0.284444 0.589875 0.034286 0.094425
6 0.527937 0.424346 0.040000 0.100114
6 0.597460 0.415245 0.035556 0.106940
6 0.686032 0.403299 0.041270 0.103527
6 0.550159 0.228100 0.029841 0.069397
6 0.228254 0.304323 0.038730 0.108077
6 0.235873 0.448805 0.037460 0.114903
6 0.243492 0.605233 0.041270 0.109215
5 0.517143 0.320250 0.043810 0.083049
5 0.594286 0.307736 0.055873 0.085324
5 0.680635 0.287827 0.055873 0.091013
5 0.506984 0.221843 0.034921 0.068259
5 0.164127 0.308874 0.059048 0.124005
5 0.167619 0.455063 0.064762 0.113766
5 0.160635 0.619454 0.073651 0.128555
