5 0.177460 0.595563 0.097143 0.167235
5 0.187937 0.399317 0.088889 0.134243
5 0.185397 0.222981 0.068571 0.138794
5 0.603492 0.170648 0.037460 0.075085
5 0.615556 0.278726 0.051429 0.086462
5 0.695556 0.273606 0.060317 0.089875
5 0.785397 0.261092 0.058413 0.103527
6 0.644444 0.180887 0.041905 0.088737
6 0.628254 0.389647 0.041270 0.119454
6 0.703810 0.383959 0.047619 0.117179
6 0.791429 0.381684 0.042540 0.105802
6 0.264444 0.220705 0.050159 0.125142
6 0.283175 0.399886 0.053333 0.128555
6 0.291746 0.571104 0.059048 0.136519
7 0.677460 0.172924 0.029206 0.061433
7 0.623175 0.487486 0.033651 0.085324
7 0.714286 0.483504 0.036825 0.075085
7 0.800952 0.484073 0.040000 0.092150
7 0.318730 0.224687 0.048254 0.112628
7 0.332063 0.393629 0.043175 0.122867
7 0.346349 0.563709 0.050159 0.105802
8 0.720635 0.167804 0.052063 0.069397
8 0.817778 0.588737 0.068571 0.089875
8 0.719365 0.573379 0.057143 0.077361
8 0.630159 0.580205 0.057778 0.084187
8 0.418095 0.543231 0.070476 0.089875
8 0.405079 0.377702 0.086349 0.109215
8 0.391746 0.209329 0.086349 0.111490
9 0.767302 0.180319 0.033651 0.060296
9 0.820635 0.707622 0.052698 0.122867
9 0.726032 0.683163 0.053968 0.105802
9 0.633333 0.686007 0.055238 0.102389
9 0.492698 0.530717 0.063492 0.110353
9 0.479683 0.372014 0.053968 0.095563
9 0.482540 0.214448 0.054603 0.096701
