5 0.298730 0.310011 0.118730 0.083049
5 0.511429 0.399317 0.120000 0.068259
5 0.405397 0.494312 0.085714 0.083049
5 0.291746 0.621160 0.128889 0.079636
5 0.524444 0.607509 0.113016 0.075085
5 0.758730 0.805461 0.109206 0.065984
6 0.706349 0.333333 0.073016 0.079636
6 0.290159 0.407281 0.091429 0.102389
6 0.516190 0.494312 0.078730 0.085324
6 0.292381 0.715017 0.088254 0.096701
6 0.766984 0.884528 0.091429 0.087600
7 0.400635 0.321957 0.066032 0.086462
7 0.396825 0.412969 0.060952 0.070535
7 0.313333 0.509670 0.062857 0.070535
7 0.520952 0.682594 0.065397 0.070535
7 0.728571 0.740046 0.060317 0.073948
7 0.297778 0.797497 0.059683 0.059158
8 0.613016 0.488623 0.089524 0.078498
8 0.509841 0.322526 0.111746 0.080774
8 0.704127 0.410694 0.087619 0.075085
8 0.573651 0.843003 0.103492 0.063709
8 0.326667 0.859499 0.127619 0.064846
8 0.727937 0.654152 0.089524 0.052332
9 0.708889 0.592719 0.081905 0.061433
9 0.695556 0.492605 0.051429 0.065984
9 0.609841 0.405006 0.073016 0.077361
9 0.610794 0.329920 0.068571 0.081911
9 0.537460 0.765074 0.088254 0.085324
9 0.561270 0.914107 0.077460 0.076223
9 0.316508 0.935722 0.098413 0.067122
