5 0.276508 0.249147 0.107302 0.070535
5 0.486349 0.313993 0.111746 0.068259
5 0.374603 0.393060 0.085079 0.080774
5 0.494921 0.494881 0.125079 0.093288
5 0.800317 0.727531 0.154286 0.089875
5 0.237143 0.506826 0.141587 0.085324
6 0.682540 0.240046 0.076190 0.079636
6 0.487619 0.390785 0.088889 0.083049
6 0.268889 0.324801 0.094603 0.092150
6 0.231111 0.602389 0.106667 0.101251
6 0.832698 0.836746 0.147937 0.130830
7 0.373968 0.252560 0.068571 0.075085
7 0.366984 0.323094 0.059683 0.056883
7 0.276508 0.411263 0.060317 0.073948
7 0.751111 0.638225 0.066032 0.086462
7 0.483492 0.574516 0.073016 0.077361
7 0.219048 0.691695 0.080000 0.068259
8 0.553333 0.757110 0.141587 0.085324
8 0.233333 0.762230 0.142857 0.079636
8 0.598413 0.382253 0.088254 0.059158
8 0.478413 0.248578 0.098413 0.069397
8 0.749524 0.553470 0.111111 0.069397
9 0.719365 0.484073 0.114286 0.073948
9 0.696190 0.382821 0.064127 0.067122
9 0.588889 0.313424 0.084444 0.060296
9 0.588571 0.244027 0.062222 0.060296
8 0.698730 0.313424 0.097143 0.064846
9 0.544127 0.861775 0.120635 0.087600
9 0.507619 0.668373 0.106032 0.092150
9 0.217460 0.865188 0.106032 0.094425
