5 0.320952 0.249147 0.112381 0.088737
5 0.541587 0.320250 0.116825 0.083049
5 0.444127 0.421502 0.088254 0.092150
5 0.336190 0.549488 0.108571 0.072810
5 0.820317 0.751991 0.135873 0.075085
6 0.327937 0.341297 0.097143 0.100114
6 0.744762 0.225825 0.086349 0.096701
6 0.546349 0.415813 0.085714 0.096701
6 0.339048 0.634812 0.082540 0.102389
7 0.423810 0.249716 0.069206 0.080774
7 0.426984 0.333333 0.064127 0.070535
7 0.347937 0.439704 0.064762 0.067122
7 0.345397 0.715586 0.050794 0.043231
7 0.556190 0.619454 0.073651 0.067122
7 0.786667 0.680887 0.067302 0.080774
6 0.833651 0.843003 0.113016 0.097838
8 0.657460 0.408987 0.092063 0.078498
8 0.761905 0.313424 0.107937 0.078498
8 0.528571 0.237201 0.120000 0.089875
8 0.607937 0.775882 0.098413 0.068259
8 0.798095 0.597270 0.118095 0.070535
8 0.367619 0.769056 0.104127 0.065984
5 0.564444 0.534699 0.118095 0.091013
9 0.774603 0.524460 0.109206 0.079636
9 0.758095 0.411263 0.067302 0.073948
9 0.647302 0.319681 0.084444 0.072810
9 0.646349 0.230944 0.071111 0.079636
9 0.574603 0.698521 0.097778 0.070535
9 0.600635 0.854949 0.090159 0.083049
9 0.362540 0.845279 0.074921 0.075085
