5 0.310159 0.310580 0.064127 0.086462
5 0.285079 0.418089 0.077460 0.078498
5 0.268571 0.564846 0.073651 0.103527
5 0.652063 0.305461 0.041905 0.044369
5 0.658095 0.390216 0.042540 0.052332
5 0.724127 0.384528 0.046349 0.065984
5 0.793651 0.384528 0.049524 0.054608
6 0.371746 0.312287 0.042540 0.083049
6 0.367302 0.423777 0.034921 0.087600
6 0.357778 0.560865 0.047619 0.100114
6 0.666667 0.456769 0.034286 0.073948
6 0.727937 0.458476 0.038730 0.075085
6 0.800317 0.461320 0.040000 0.073948
6 0.688889 0.304892 0.029206 0.050057
7 0.670476 0.527304 0.024127 0.055745
7 0.736508 0.520478 0.027937 0.042093
7 0.816508 0.527304 0.029206 0.042093
7 0.714286 0.306030 0.019048 0.040956
7 0.415873 0.311149 0.039365 0.067122
7 0.417778 0.416951 0.034286 0.071672
7 0.400952 0.556883 0.032381 0.078498
8 0.741587 0.306598 0.034286 0.037543
8 0.677460 0.584187 0.040635 0.055745
8 0.751111 0.580205 0.052063 0.077361
8 0.836508 0.588168 0.050159 0.061433
8 0.465079 0.547782 0.073016 0.080774
8 0.469524 0.410125 0.052698 0.071672
8 0.471746 0.307736 0.062222 0.067122
9 0.526667 0.315131 0.045079 0.054608
9 0.525397 0.414107 0.043810 0.068259
9 0.523175 0.552901 0.049524 0.075085
9 0.680635 0.655290 0.036825 0.065984
9 0.754286 0.655859 0.044444 0.064846
9 0.848571 0.663254 0.047619 0.052332
9 0.772381 0.311149 0.028571 0.037543
